# Migration is number of nodes that have changed color.

Round		Edge-Cut		Swaps		Migrations		Skipped
0		3630		2372		1664
1		3008		4677		1768
2		2672		6949		1792
3		2547		9221		1787
4		2454		11465		1813
5		2237		13693		1831
6		2263		15909		1839
7		2153		18126		1787
8		2186		20316		1823
9		2118		22511		1833
10		2097		24715		1838
11		2141		26927		1811
12		2139		29141		1781
13		2107		31344		1793
14		2127		33563		1791
15		2053		35753		1761
16		2085		37922		1791
17		2071		40114		1819
18		2081		42322		1808
19		2064		44513		1812
20		2045		46700		1813
21		2076		48876		1807
22		2062		51069		1803
23		2029		53273		1787
24		2030		55463		1799
25		2059		57652		1786
26		2079		59822		1805
27		2059		62020		1802
28		2083		64192		1798
29		2047		66376		1804
30		2086		68571		1810
31		2037		70742		1812
32		2063		72924		1796
33		2097		75097		1795
34		2087		77266		1806
35		2097		79468		1795
36		2060		81657		1790
37		2021		83854		1803
38		2013		86018		1781
39		1980		88208		1818
40		1967		90381		1798
41		1959		92553		1801
42		2002		94718		1793
43		1976		96907		1766
44		1955		99088		1769
45		1974		101246		1805
46		1981		103414		1806
47		2011		105617		1790
48		2041		107792		1779
49		2122		109993		1786
50		2001		112169		1778
51		1996		114347		1794
52		2008		116547		1785
53		2020		118714		1810
54		2037		120885		1790
55		1994		123059		1801
56		2066		125265		1806
57		2003		127465		1811
58		2022		129627		1802
59		2043		131802		1790
60		1994		133984		1777
61		2024		136185		1772
62		2076		138383		1784
63		2007		140582		1822
64		1988		142762		1812
65		1975		144910		1808
66		1959		147088		1806
67		1979		149257		1822
68		1968		151409		1829
69		2000		153563		1817
70		2011		155742		1809
71		1956		157922		1800
72		1989		160113		1794
73		2012		162292		1798
74		2022		164469		1821
75		2008		166663		1804
76		2016		168863		1800
77		2042		171069		1784
78		1973		173265		1792
79		1997		175444		1813
80		1960		177644		1800
81		1952		179803		1814
82		2001		181972		1818
83		2004		184161		1814
84		2025		186325		1807
85		1970		188503		1802
86		1994		190694		1823
87		2004		192867		1816
88		1953		195005		1782
89		2015		197178		1801
90		2002		199353		1823
91		1993		201513		1822
92		2025		203704		1797
93		2056		205912		1827
94		2087		208085		1829
95		2030		210277		1804
96		1975		212455		1786
97		2011		214642		1782
98		2001		216829		1797
99		2002		219018		1807
100		1987		221189		1819
101		2033		223375		1813
102		1951		225543		1817
103		2001		227724		1810
104		1979		229900		1801
105		1977		232042		1814
106		1993		234218		1808
107		1954		236392		1803
108		1974		238596		1828
109		1986		240779		1823
110		1969		242972		1832
111		2019		245141		1799
112		1998		247340		1794
113		1988		249529		1779
114		1999		251713		1796
115		1978		253889		1812
116		2098		256048		1771
117		2072		258240		1788
118		2075		260403		1793
119		2082		262584		1776
120		2054		264762		1783
121		1992		266943		1808
122		2015		269130		1818
123		2031		271302		1788
124		2005		273476		1795
125		1993		275658		1790
126		1913		277850		1787
127		1946		280021		1772
128		1910		282201		1795
129		1946		284373		1787
130		2004		286541		1788
131		1978		288709		1799
132		1958		290880		1804
133		1941		293079		1798
134		1939		295214		1800
135		1941		297399		1787
136		1973		299579		1813
137		1961		301741		1799
138		2028		303935		1805
139		2074		306094		1805
140		2015		308266		1812
141		1933		310442		1811
142		1977		312630		1784
143		2013		314787		1778
144		2013		316972		1789
145		1998		319129		1798
146		1989		321310		1794
147		2043		323502		1791
148		2040		325680		1819
149		2012		327869		1803
150		2000		330047		1802
151		2041		332244		1794
152		2029		334417		1801
153		2027		336600		1783
154		1956		338805		1786
155		1966		340974		1782
156		1966		343160		1802
157		1991		345349		1788
158		2060		347532		1798
159		2001		349715		1799
160		1970		351910		1775
161		1955		354077		1807
162		1949		356250		1816
163		1985		358413		1793
164		2015		360587		1803
165		1987		362748		1810
166		1956		364922		1812
167		1964		367094		1808
168		1984		369249		1797
169		1946		371408		1787
170		1988		373589		1781
171		1963		375734		1812
172		1980		377894		1810
173		1978		380071		1818
174		1972		382235		1825
175		1984		384406		1817
176		1991		386601		1805
177		2008		388778		1783
178		2004		390962		1801
179		1984		393153		1786
180		2044		395335		1787
181		1954		397517		1779
182		1972		399679		1788
183		1961		401853		1773
184		1942		404029		1795
185		1988		406213		1785
186		1983		408380		1799
187		1959		410565		1795
188		1931		412721		1814
189		1951		414885		1808
190		1923		417055		1802
191		1963		419222		1795
192		1988		421410		1800
193		2008		423596		1827
194		2010		425746		1821
195		1987		427908		1813
196		2014		430092		1799
197		1955		432255		1813
198		1928		434421		1808
199		1989		436577		1791
200		2007		438781		1794
201		2015		440975		1812
202		1973		443168		1801
203		2029		445348		1792
204		1971		447535		1796
205		1947		449695		1812
206		1945		451862		1810
207		1937		454014		1815
208		1951		456199		1806
209		1968		458372		1820
210		1921		460555		1854
211		1937		462711		1839
212		1908		464864		1810
213		1920		467035		1812
214		1926		469192		1797
215		1899		471341		1802
216		1953		473491		1777
217		1964		475674		1815
218		1898		477828		1833
219		1915		479983		1805
220		1954		482138		1776
221		1975		484329		1797
222		2005		486511		1781
223		1951		488694		1808
224		1952		490869		1806
225		1935		493035		1802
226		1940		495196		1787
227		1949		497356		1794
228		1927		499499		1807
229		1903		501678		1798
230		1981		503845		1798
231		1974		505988		1779
232		1994		508140		1790
233		1981		510287		1812
234		1964		512457		1825
235		1961		514625		1800
236		1947		516796		1792
237		1992		518974		1793
238		2008		521159		1794
239		1953		523362		1816
240		1947		525561		1807
241		1990		527764		1787
242		1982		529931		1806
243		2000		532102		1798
244		2037		534283		1791
245		1983		536474		1814
246		1970		538662		1815
247		1976		540831		1827
248		1982		543018		1809
249		1976		545198		1811
250		1947		547366		1794
251		1915		549529		1793
252		1918		551707		1791
253		1884		553898		1785
254		1905		556066		1801
255		1923		558239		1810
256		1924		560409		1823
257		1897		562577		1805
258		1890		564760		1797
259		1909		566914		1798
260		1925		569069		1815
261		1919		571222		1800
262		1942		573370		1793
263		1962		575541		1812
264		1924		577708		1811
265		2006		579875		1806
266		1936		582024		1782
267		2002		584218		1794
268		1945		586394		1797
269		1979		588572		1811
270		1961		590721		1792
271		1988		592889		1801
272		1960		595081		1814
273		1898		597224		1818
274		1928		599401		1823
275		1922		601583		1821
276		1949		603745		1806
277		1978		605943		1807
278		1979		608105		1816
279		2037		610290		1824
280		1980		612455		1815
281		1954		614624		1802
282		1938		616800		1806
283		1948		618976		1799
284		1999		621153		1793
285		1956		623320		1800
286		1952		625493		1789
287		1962		627671		1796
288		2022		629837		1781
289		1974		632004		1768
290		1939		634178		1789
291		1957		636361		1775
292		1946		638511		1788
293		1913		640667		1805
294		1948		642815		1797
295		1952		644990		1819
296		1960		647162		1806
297		1926		649324		1782
298		1944		651496		1796
299		1960		653657		1789
300		1920		655824		1799
301		1933		658013		1800
302		1931		660186		1809
303		1935		662349		1807
304		1886		664530		1804
305		1881		666667		1820
306		1915		668846		1823
307		1947		671012		1796
308		1939		673172		1782
309		1959		675331		1798
310		1944		677485		1806
311		1964		679658		1801
312		1925		681829		1797
313		1957		683997		1809
314		1936		686165		1811
315		1906		688342		1781
316		1889		690511		1795
317		1946		692680		1816
318		1941		694865		1815
319		1895		697035		1819
320		1931		699216		1828
321		1895		701388		1818
322		1901		703545		1804
323		1935		705721		1818
324		1896		707861		1805
325		1929		710012		1803
326		1917		712173		1813
327		1922		714322		1790
328		1912		716489		1777
329		1949		718655		1782
330		1869		720815		1777
331		1883		722987		1800
332		1926		725152		1799
333		1948		727303		1824
334		1894		729440		1820
335		1899		731565		1807
336		1872		733706		1796
337		1935		735835		1817
338		1861		737999		1812
339		1874		740111		1801
340		1838		742232		1812
341		1903		744347		1816
342		1913		746489		1818
343		1858		748596		1810
344		1870		750704		1806
345		1837		752839		1815
346		1829		754952		1801
347		1814		757080		1807
348		1831		759220		1781
349		1855		761343		1821
350		1846		763484		1812
351		1825		765611		1781
352		1877		767724		1816
353		1802		769842		1801
354		1828		771955		1818
355		1793		774060		1798
356		1760		776139		1786
357		1772		778264		1793
358		1729		780388		1798
359		1738		782491		1812
360		1784		784606		1809
361		1792		786739		1803
362		1797		788870		1792
363		1831		790991		1802
364		1804		793143		1794
365		1799		795241		1793
366		1819		797380		1796
367		1829		799522		1826
368		1787		801663		1825
369		1792		803790		1809
370		1785		805900		1787
371		1805		808024		1801
372		1783		810154		1801
373		1808		812251		1790
374		1822		814365		1803
375		1793		816509		1799
376		1784		818607		1795
377		1850		820703		1807
378		1828		822791		1780
379		1843		824905		1796
380		1792		827025		1811
381		1805		829155		1815
382		1791		831267		1775
383		1817		833358		1777
384		1844		835485		1781
385		1812		837610		1783
386		1821		839710		1797
387		1789		841830		1809
388		1782		843944		1804
389		1848		846071		1800
390		1821		848195		1793
391		1842		850304		1816
392		1843		852422		1820
393		1838		854542		1812
394		1855		856662		1816
395		1857		858786		1811
396		1816		860931		1799
397		1853		863047		1798
398		1863		865165		1819
399		1801		867296		1828
400		1791		869432		1836
401		1811		871542		1808
402		1815		873700		1813
403		1812		875810		1804
404		1798		877916		1818
405		1835		880034		1825
406		1840		882150		1805
407		1852		884292		1810
408		1850		886424		1794
409		1832		888547		1805
410		1825		890687		1812
411		1805		892818		1800
412		1825		894927		1808
413		1830		897061		1804
414		1826		899185		1786
415		1835		901296		1797
416		1796		903399		1807
417		1815		905525		1801
418		1848		907659		1786
419		1834		909773		1777
420		1799		911899		1787
421		1838		913998		1785
422		1784		916126		1789
423		1788		918212		1776
424		1776		920319		1799
425		1777		922446		1796
426		1757		924588		1794
427		1779		926709		1765
428		1767		928833		1767
429		1815		930940		1768
430		1833		933056		1807
431		1826		935143		1819
432		1816		937263		1813
433		1815		939385		1803
434		1812		941507		1798
435		1791		943633		1809
436		1779		945732		1793
437		1732		947831		1797
438		1763		949905		1804
439		1793		952029		1801
440		1786		954113		1780
441		1782		956217		1810
442		1834		958327		1792
443		1834		960445		1806
444		1807		962575		1781
445		1830		964699		1785
446		1813		966812		1776
447		1857		968949		1800
448		1876		971068		1795
449		1835		973217		1816
450		1828		975319		1790
451		1832		977448		1788
452		1851		979582		1797
453		1860		981720		1807
454		1845		983843		1802
455		1815		985983		1800
456		1798		988105		1793
457		1794		990214		1794
458		1750		992331		1789
459		1792		994462		1774
460		1788		996583		1767
461		1784		998701		1772
462		1798		1000806		1769
463		1788		1002917		1775
464		1800		1005027		1768
465		1773		1007156		1772
466		1771		1009261		1756
467		1773		1011391		1767
468		1747		1013532		1783
469		1769		1015634		1794
470		1771		1017723		1798
471		1788		1019843		1777
472		1786		1021986		1793
473		1797		1024105		1816
474		1819		1026217		1833
475		1775		1028336		1824
476		1788		1030464		1813
477		1770		1032562		1815
478		1788		1034681		1811
479		1803		1036822		1805
480		1792		1038941		1807
481		1796		1041059		1810
482		1823		1043202		1819
483		1810		1045335		1820
484		1749		1047433		1784
485		1778		1049537		1799
486		1791		1051651		1811
487		1789		1053765		1831
488		1798		1055868		1809
489		1794		1057972		1816
490		1802		1060094		1802
491		1827		1062197		1810
492		1840		1064303		1800
493		1814		1066424		1811
494		1816		1068552		1826
495		1815		1070682		1830
496		1820		1072795		1818
497		1799		1074890		1831
498		1819		1077011		1832
499		1773		1079130		1818
500		1789		1081237		1815
501		1807		1083343		1806
502		1806		1085455		1811
503		1791		1087590		1803
504		1808		1089708		1800
505		1821		1091829		1814
506		1847		1093958		1802
507		1871		1096092		1779
508		1814		1098231		1813
509		1815		1100334		1823
510		1813		1102435		1820
511		1789		1104548		1811
512		1810		1106662		1809
513		1762		1108784		1799
514		1794		1110888		1809
515		1793		1113034		1808
516		1813		1115147		1803
517		1800		1117259		1804
518		1779		1119365		1810
519		1752		1121483		1816
520		1783		1123610		1827
521		1823		1125708		1800
522		1786		1127842		1807
523		1806		1129970		1811
524		1774		1132075		1815
525		1800		1134207		1823
526		1790		1136308		1819
527		1747		1138438		1830
528		1757		1140561		1816
529		1730		1142663		1806
530		1737		1144799		1807
531		1789		1146909		1817
532		1782		1149049		1818
533		1771		1151172		1796
534		1760		1153262		1803
535		1749		1155349		1795
536		1775		1157477		1796
537		1806		1159583		1785
538		1774		1161693		1790
539		1809		1163820		1793
540		1786		1165933		1794
541		1801		1168045		1795
542		1801		1170155		1806
543		1765		1172257		1815
544		1800		1174385		1813
545		1767		1176505		1815
546		1759		1178598		1797
547		1790		1180707		1799
548		1748		1182829		1810
549		1763		1184928		1804
550		1774		1187047		1788
551		1777		1189159		1806
552		1764		1191264		1813
553		1749		1193350		1803
554		1788		1195459		1786
555		1768		1197564		1798
556		1780		1199689		1789
557		1768		1201786		1805
558		1798		1203883		1798
559		1770		1205978		1787
560		1802		1208121		1792
561		1788		1210230		1798
562		1765		1212341		1806
563		1783		1214455		1802
564		1782		1216576		1782
565		1765		1218690		1795
566		1779		1220795		1807
567		1775		1222906		1795
568		1797		1225022		1781
569		1789		1227131		1792
570		1774		1229244		1789
571		1781		1231363		1802
572		1808		1233471		1784
573		1774		1235615		1790
574		1793		1237717		1786
575		1777		1239839		1772
576		1814		1241932		1788
577		1798		1244061		1799
578		1813		1246179		1820
579		1797		1248304		1792
580		1805		1250412		1803
581		1826		1252522		1816
582		1823		1254677		1777
583		1818		1256809		1802
584		1796		1258902		1823
585		1813		1261027		1802
586		1788		1263144		1812
587		1788		1265261		1815
588		1782		1267378		1813
589		1779		1269521		1791
590		1788		1271659		1806
591		1748		1273769		1794
592		1762		1275881		1803
593		1747		1277983		1812
594		1776		1280078		1811
595		1766		1282166		1805
596		1772		1284284		1810
597		1756		1286386		1820
598		1765		1288511		1804
599		1781		1290607		1808
600		1750		1292696		1817
601		1764		1294803		1803
602		1762		1296901		1792
603		1721		1298995		1802
604		1732		1301085		1797
605		1723		1303194		1785
606		1738		1305307		1806
607		1714		1307412		1821
608		1703		1309519		1816
609		1720		1311646		1796
610		1748		1313736		1798
611		1722		1315841		1782
612		1715		1317938		1791
613		1711		1320053		1793
614		1724		1322158		1801
615		1720		1324242		1798
616		1742		1326347		1799
617		1772		1328472		1802
618		1751		1330544		1803
619		1764		1332651		1810
620		1752		1334757		1802
621		1749		1336859		1794
622		1725		1338941		1790
623		1743		1341052		1756
624		1755		1343161		1784
625		1745		1345252		1796
626		1740		1347353		1800
627		1772		1349448		1802
628		1752		1351574		1817
629		1768		1353676		1800
630		1763		1355759		1802
631		1755		1357867		1787
632		1774		1359946		1782
633		1758		1362048		1798
634		1785		1364148		1801
635		1772		1366260		1789
636		1778		1368346		1790
637		1778		1370433		1800
638		1756		1372524		1796
639		1764		1374634		1796
640		1767		1376736		1800
641		1747		1378849		1786
642		1749		1380936		1783
643		1717		1383032		1781
644		1725		1385119		1780
645		1690		1387200		1769
646		1723		1389288		1786
647		1749		1391396		1787
648		1739		1393473		1789
649		1765		1395592		1780
650		1776		1397690		1773
651		1751		1399799		1782
652		1789		1401894		1796
653		1792		1403987		1786
654		1785		1406094		1795
655		1791		1408193		1786
656		1764		1410291		1793
657		1807		1412394		1796
658		1776		1414507		1769
659		1744		1416620		1787
660		1774		1418737		1803
661		1777		1420852		1813
662		1743		1422970		1826
663		1737		1425098		1833
664		1750		1427194		1829
665		1742		1429277		1818
666		1760		1431373		1814
667		1749		1433492		1813
668		1741		1435582		1800
669		1708		1437688		1814
670		1725		1439797		1819
671		1740		1441919		1822
672		1722		1444003		1805
673		1742		1446105		1799
674		1769		1448243		1800
675		1747		1450324		1807
676		1763		1452420		1809
677		1780		1454547		1815
678		1743		1456645		1825
679		1724		1458740		1817
680		1712		1460830		1812
681		1730		1462897		1809
682		1750		1464988		1823
683		1731		1467059		1808
684		1716		1469155		1799
685		1677		1471249		1788
686		1712		1473297		1814
687		1728		1475386		1807
688		1719		1477471		1815
689		1723		1479538		1819
690		1720		1481656		1799
691		1719		1483754		1793
692		1729		1485860		1789
693		1725		1487939		1774
694		1735		1490019		1774
695		1739		1492106		1803
696		1723		1494201		1793
697		1733		1496305		1799
698		1721		1498434		1813
699		1747		1500536		1820
700		1723		1502643		1809
701		1741		1504750		1807
702		1752		1506849		1792
703		1749		1508954		1809
704		1719		1511061		1779
705		1732		1513153		1786
706		1727		1515267		1789
707		1727		1517350		1776
708		1735		1519462		1804
709		1742		1521572		1798
710		1754		1523653		1801
711		1752		1525758		1796
712		1764		1527846		1800
713		1742		1529950		1786
714		1751		1532077		1803
715		1739		1534186		1788
716		1754		1536278		1799
717		1762		1538415		1802
718		1747		1540499		1798
719		1706		1542596		1790
720		1730		1544704		1813
721		1762		1546837		1806
722		1742		1548950		1796
723		1738		1551050		1814
724		1726		1553139		1827
725		1715		1555221		1812
726		1714		1557322		1807
727		1740		1559441		1795
728		1717		1561551		1819
729		1743		1563651		1822
730		1741		1565718		1815
731		1759		1567812		1825
732		1758		1569882		1797
733		1740		1572005		1801
734		1735		1574115		1795
735		1734		1576240		1792
736		1740		1578385		1798
737		1751		1580486		1805
738		1725		1582616		1772
739		1743		1584741		1777
740		1752		1586854		1794
741		1747		1588947		1811
742		1774		1591024		1806
743		1751		1593122		1811
744		1767		1595216		1815
745		1733		1597321		1832
746		1757		1599404		1826
747		1740		1601516		1811
748		1746		1603595		1815
749		1721		1605700		1803
750		1724		1607800		1808
751		1742		1609904		1796
752		1721		1611990		1784
753		1726		1614086		1794
754		1739		1616170		1813
755		1728		1618250		1793
756		1704		1620346		1784
757		1696		1622434		1794
758		1701		1624538		1783
759		1714		1626634		1779
760		1683		1628732		1791
761		1694		1630816		1789
762		1718		1632919		1804
763		1707		1635028		1793
764		1732		1637099		1792
765		1709		1639198		1802
766		1713		1641283		1798
767		1731		1643386		1769
768		1727		1645482		1795
769		1722		1647585		1819
770		1719		1649680		1806
771		1710		1651767		1783
772		1736		1653850		1806
773		1718		1655977		1785
774		1727		1658103		1783
775		1749		1660192		1800
776		1739		1662290		1803
777		1748		1664397		1803
778		1714		1666501		1790
779		1731		1668588		1804
780		1723		1670688		1805
781		1723		1672755		1809
782		1766		1674840		1793
783		1738		1676930		1784
784		1746		1679044		1805
785		1755		1681136		1810
786		1755		1683255		1799
787		1741		1685370		1791
788		1735		1687475		1787
789		1723		1689586		1811
790		1733		1691666		1794
791		1753		1693781		1798
792		1754		1695869		1813
793		1734		1697981		1823
794		1741		1700084		1813
795		1732		1702171		1806
796		1706		1704292		1810
797		1716		1706393		1816
798		1722		1708488		1815
799		1718		1710588		1810
800		1719		1712674		1814
801		1711		1714750		1792
802		1721		1716851		1821
803		1715		1718951		1817
804		1732		1721053		1817
805		1707		1723155		1801
806		1735		1725250		1825
807		1711		1727337		1818
808		1737		1729423		1801
809		1743		1731538		1805
810		1757		1733645		1813
811		1743		1735764		1810
812		1743		1737853		1792
813		1718		1739954		1800
814		1731		1742050		1807
815		1719		1744133		1796
816		1702		1746244		1788
817		1717		1748337		1790
818		1715		1750421		1798
819		1700		1752511		1820
820		1709		1754634		1815
821		1693		1756726		1831
822		1704		1758797		1819
823		1681		1760864		1807
824		1697		1762925		1786
825		1684		1764998		1798
826		1677		1767085		1822
827		1683		1769174		1811
828		1684		1771257		1789
829		1690		1773330		1791
830		1679		1775393		1811
831		1669		1777500		1802
832		1677		1779607		1792
833		1672		1781682		1797
834		1675		1783736		1804
835		1697		1785827		1818
836		1659		1787887		1829
837		1657		1789948		1826
838		1678		1792034		1827
839		1668		1794116		1825
840		1655		1796168		1803
841		1666		1798241		1811
842		1673		1800318		1805
843		1658		1802413		1808
844		1662		1804497		1803
845		1664		1806554		1787
846		1645		1808638		1804
847		1647		1810676		1797
848		1642		1812737		1797
849		1653		1814787		1791
850		1628		1816844		1793
851		1628		1818876		1795
852		1634		1820964		1813
853		1641		1823030		1797
854		1645		1825110		1790
855		1618		1827160		1794
856		1637		1829221		1812
857		1678		1831328		1808
858		1676		1833370		1815
859		1683		1835431		1798
860		1667		1837483		1797
861		1635		1839541		1801
862		1638		1841590		1805
863		1636		1843627		1809
864		1642		1845684		1802
865		1654		1847727		1804
866		1655		1849810		1809
867		1643		1851894		1817
868		1657		1853973		1796
869		1650		1856077		1806
870		1663		1858155		1812
871		1648		1860212		1815
872		1639		1862281		1804
873		1640		1864354		1793
874		1644		1866408		1794
875		1640		1868464		1809
876		1660		1870534		1805
877		1651		1872615		1789
878		1644		1874688		1815
879		1636		1876761		1809
880		1643		1878831		1805
881		1632		1880926		1805
882		1643		1883009		1813
883		1635		1885061		1797
884		1622		1887092		1814
885		1656		1889130		1811
886		1649		1891208		1819
887		1652		1893272		1807
888		1653		1895330		1809
889		1640		1897410		1801
890		1634		1899471		1787
891		1648		1901491		1801
892		1626		1903553		1789
893		1621		1905609		1800
894		1618		1907642		1803
895		1621		1909709		1791
896		1605		1911758		1814
897		1615		1913794		1814
898		1613		1915869		1813
899		1621		1917944		1813
900		1598		1919968		1815
901		1608		1922046		1821
902		1626		1924103		1828
903		1606		1926178		1807
904		1613		1928241		1801
905		1608		1930291		1807
906		1624		1932378		1793
907		1635		1934406		1785
908		1628		1936451		1784
909		1633		1938522		1785
910		1638		1940596		1794
911		1623		1942651		1797
912		1616		1944698		1778
913		1615		1946772		1784
914		1615		1948811		1786
915		1606		1950871		1796
916		1623		1952944		1785
917		1618		1954982		1782
918		1618		1957011		1768
919		1596		1959065		1787
920		1600		1961113		1781
921		1598		1963135		1786
922		1590		1965195		1785
923		1588		1967238		1787
924		1602		1969254		1792
925		1588		1971311		1800
926		1606		1973360		1800
927		1606		1975384		1816
928		1617		1977408		1812
929		1619		1979476		1818
930		1608		1981551		1800
931		1589		1983576		1789
932		1595		1985642		1798
933		1606		1987707		1797
934		1594		1989789		1806
935		1588		1991796		1803
936		1588		1993865		1814
937		1578		1995909		1804
938		1576		1997941		1814
939		1569		1999982		1809
940		1580		2002026		1813
941		1574		2004050		1807
942		1577		2006084		1791
943		1582		2008121		1809
944		1599		2010151		1824
945		1594		2012217		1813
946		1602		2014269		1819
947		1610		2016301		1823
948		1607		2018346		1807
949		1606		2020393		1817
950		1606		2022418		1802
951		1595		2024420		1793
952		1595		2026452		1793
953		1614		2028489		1802
954		1610		2030528		1797
955		1615		2032576		1793
956		1606		2034620		1777
957		1600		2036683		1779
958		1608		2038720		1776
959		1596		2040778		1779
960		1605		2042832		1779
961		1590		2044852		1780
962		1583		2046885		1777
963		1600		2048909		1781
964		1589		2050944		1780
965		1576		2053004		1780
966		1578		2055061		1790
967		1578		2057117		1791
968		1591		2059126		1814
969		1593		2061145		1800
970		1594		2063173		1776
971		1579		2065219		1802
972		1577		2067267		1810
973		1580		2069331		1810
974		1585		2071382		1813
975		1573		2073394		1825
976		1578		2075432		1822
977		1583		2077475		1823
978		1578		2079510		1815
979		1584		2081592		1818
980		1578		2083685		1804
981		1566		2085720		1805
982		1572		2087738		1812
983		1579		2089782		1792
984		1584		2091829		1787
985		1581		2093871		1792
986		1583		2095918		1789
987		1575		2097944		1798
988		1564		2099987		1789
989		1583		2102025		1799
990		1595		2104059		1785
991		1589		2106127		1790
992		1571		2108180		1790
993		1580		2110204		1786
994		1579		2112257		1802
995		1569		2114332		1803
996		1575		2116393		1788
997		1569		2118430		1793
998		1566		2120458		1798
999		1578		2122498		1801
1000		1556		2124525		1781
1001		1549		2126548		1769
1002		1556		2128584		1785
1003		1547		2130589		1786
1004		1550		2132566		1780
1005		1544		2134585		1784
1006		1552		2136599		1796
1007		1547		2138608		1804
1008		1549		2140618		1816
1009		1548		2142594		1802
1010		1542		2144591		1802
1011		1555		2146638		1800
1012		1557		2148657		1798
1013		1552		2150665		1794
1014		1534		2152710		1798
1015		1550		2154736		1802
1016		1544		2156752		1808
1017		1542		2158773		1807
1018		1538		2160815		1820
1019		1548		2162822		1816
1020		1548		2164855		1819
1021		1539		2166888		1812
1022		1552		2168913		1813
1023		1558		2170929		1811
1024		1544		2172933		1803
1025		1543		2174990		1809
1026		1549		2176999		1792
1027		1544		2179056		1796
1028		1562		2181059		1801
1029		1556		2183078		1788
1030		1556		2185103		1809
1031		1555		2187112		1797
1032		1552		2189105		1803
1033		1559		2191113		1806
1034		1558		2193136		1808
1035		1556		2195162		1786
1036		1549		2197205		1791
1037		1553		2199241		1792
1038		1546		2201251		1787
1039		1562		2203296		1790
1040		1557		2205288		1798
1041		1542		2207305		1796
1042		1551		2209331		1791
1043		1553		2211385		1773
1044		1559		2213401		1779
1045		1536		2215401		1787
1046		1541		2217419		1793
1047		1541		2219465		1804
1048		1543		2221449		1802
1049		1547		2223475		1798
1050		1537		2225479		1803
1051		1541		2227498		1788
1052		1538		2229529		1801
1053		1541		2231550		1805
1054		1544		2233590		1798
1055		1537		2235573		1803
1056		1545		2237582		1804
1057		1539		2239608		1808
1058		1543		2241647		1802
1059		1540		2243666		1805
1060		1542		2245680		1804
1061		1540		2247668		1804
1062		1547		2249709		1805
1063		1542		2251747		1811
1064		1541		2253791		1798
1065		1535		2255811		1795
1066		1539		2257829		1801
1067		1535		2259882		1786
1068		1528		2261864		1791
1069		1538		2263867		1797
1070		1539		2265873		1797
1071		1541		2267882		1797
1072		1530		2269874		1786
1073		1530		2271895		1799
1074		1538		2273909		1792
1075		1543		2275920		1799
1076		1545		2277935		1801
1077		1540		2279956		1813
1078		1546		2281977		1804
1079		1545		2284006		1811
1080		1548		2286020		1797
1081		1546		2288014		1799
1082		1548		2290041		1811
1083		1553		2292095		1800
1084		1549		2294113		1789
1085		1536		2296166		1799
1086		1539		2298192		1792
1087		1540		2300243		1798
1088		1542		2302274		1805
1089		1536		2304285		1789
1090		1531		2306305		1792
1091		1527		2308326		1787
1092		1528		2310330		1788
1093		1527		2312365		1795
1094		1530		2314383		1781
1095		1525		2316422		1787
1096		1527		2318443		1791
1097		1545		2320455		1801
1098		1542		2322488		1804
1099		1533		2324504		1810
1100		1533		2326497		1803
1101		1526		2328494		1788
1102		1523		2330508		1781
1103		1519		2332464		1785
1104		1529		2334459		1797
1105		1522		2336495		1795
1106		1530		2338507		1791
1107		1527		2340535		1791
1108		1531		2342555		1807
1109		1528		2344556		1803
1110		1521		2346579		1794
1111		1529		2348569		1798
1112		1533		2350587		1782
1113		1535		2352591		1787
1114		1532		2354599		1799
1115		1526		2356614		1800
1116		1526		2358626		1799
1117		1534		2360648		1812
1118		1535		2362679		1806
1119		1525		2364699		1797
1120		1524		2366689		1791
1121		1536		2368720		1793
1122		1529		2370736		1792
1123		1521		2372749		1794
1124		1522		2374783		1790
1125		1525		2376796		1792
1126		1533		2378817		1799
1127		1526		2380826		1809
1128		1526		2382843		1809
1129		1524		2384886		1803
1130		1540		2386923		1807
1131		1530		2388923		1801
1132		1529		2390913		1799
1133		1534		2392913		1805
1134		1530		2394905		1793
1135		1527		2396930		1792
1136		1526		2398945		1785
1137		1525		2400956		1783
1138		1531		2403003		1788
1139		1530		2405030		1786
1140		1537		2407032		1776
1141		1529		2409053		1780
1142		1541		2411059		1778
1143		1542		2413074		1776
1144		1540		2415091		1774
1145		1547		2417113		1782
1146		1540		2419109		1784
1147		1532		2421140		1786
1148		1527		2423141		1789
1149		1534		2425164		1796
1150		1540		2427187		1792
1151		1534		2429196		1794
1152		1529		2431197		1792
1153		1524		2433204		1787
1154		1524		2435228		1781
1155		1527		2437231		1789
1156		1523		2439272		1781
1157		1522		2441299		1786
1158		1523		2443299		1800
1159		1521		2445295		1791
1160		1526		2447325		1793
1161		1519		2449316		1786
1162		1526		2451330		1793
1163		1524		2453316		1782
1164		1518		2455306		1786
1165		1525		2457322		1800
1166		1518		2459339		1798
1167		1515		2461342		1798
1168		1512		2463361		1795
1169		1510		2465367		1797
1170		1524		2467343		1795
1171		1524		2469377		1789
1172		1510		2471394		1789
1173		1513		2473419		1784
1174		1514		2475437		1789
1175		1517		2477460		1781
1176		1515		2479505		1780
1177		1508		2481538		1788
1178		1511		2483558		1788
1179		1508		2485527		1797
1180		1501		2487542		1799
1181		1504		2489569		1777
1182		1501		2491579		1784
1183		1497		2493598		1782
1184		1494		2495594		1779
1185		1500		2497617		1771
1186		1494		2499626		1781
1187		1500		2501631		1763
1188		1508		2503617		1770
1189		1514		2505596		1781
1190		1515		2507593		1775
1191		1510		2509620		1776
1192		1504		2511629		1766
1193		1506		2513644		1782
1194		1508		2515687		1788
1195		1510		2517714		1779
1196		1510		2519707		1781
1197		1512		2521693		1781
1198		1509		2523702		1781
1199		1506		2525713		1772
1200		1506		2527737		1782
1201		1508		2529746		1795
1202		1506		2531740		1794
1203		1511		2533748		1791
1204		1510		2535758		1801
1205		1509		2537763		1799
1206		1508		2539787		1786
1207		1507		2541805		1787
1208		1496		2543826		1792
1209		1507		2545818		1795
1210		1515		2547831		1798
1211		1514		2549823		1790
1212		1509		2551857		1801
1213		1505		2553855		1802
1214		1501		2555862		1793
1215		1495		2557861		1791
1216		1497		2559855		1787
1217		1503		2561851		1790
1218		1496		2563832		1794
1219		1502		2565810		1801
1220		1506		2567807		1799
1221		1508		2569776		1805
1222		1508		2571787		1800
1223		1509		2573774		1805
1224		1505		2575768		1797
1225		1501		2577775		1808
1226		1506		2579762		1801
1227		1508		2581782		1810
1228		1503		2583793		1803
1229		1506		2585821		1797
1230		1506		2587825		1798
1231		1508		2589827		1805
1232		1507		2591819		1798
1233		1499		2593847		1798
1234		1501		2595838		1807
1235		1499		2597867		1812
1236		1496		2599887		1812
1237		1496		2601920		1797
1238		1506		2603921		1794
1239		1505		2605919		1795
1240		1504		2607926		1797
1241		1500		2609958		1801
1242		1501		2611957		1804
1243		1500		2613971		1801
1244		1496		2615937		1798
1245		1490		2617916		1804
1246		1491		2619949		1793
1247		1485		2621947		1800
1248		1491		2623943		1795
1249		1499		2625919		1799
1250		1493		2627905		1799
1251		1482		2629906		1796
1252		1476		2631885		1799
1253		1471		2633855		1794
1254		1468		2635817		1792
1255		1467		2637828		1795
1256		1466		2639793		1796
1257		1458		2641763		1793
1258		1459		2643728		1792
1259		1454		2645716		1795
1260		1454		2647727		1795
1261		1455		2649717		1792
1262		1452		2651655		1789
1263		1451		2653622		1796
1264		1451		2655625		1797
1265		1449		2657606		1794
1266		1448		2659557		1797
1267		1449		2661532		1793
1268		1453		2663519		1797
1269		1450		2665527		1799
1270		1448		2667521		1801
1271		1452		2669518		1804
1272		1449		2671488		1801
1273		1451		2673430		1807
1274		1450		2675389		1806
1275		1448		2677352		1801
1276		1448		2679343		1805
1277		1447		2681297		1804
1278		1446		2683302		1801
1279		1446		2685329		1798
1280		1445		2687313		1794
1281		1444		2689275		1793
1282		1442		2691246		1792
1283		1441		2693218		1789
1284		1441		2695199		1789
1285		1442		2697171		1788
1286		1445		2699169		1791
1287		1442		2701152		1792
1288		1441		2703137		1795
1289		1438		2705086		1791
1290		1438		2707084		1791
1291		1438		2709073		1793
1292		1438		2711058		1792
1293		1438		2713016		1786
1294		1438		2714994		1788
1295		1437		2716956		1789
1296		1437		2718935		1790
1297		1441		2720856		1787
1298		1441		2722855		1792
1299		1439		2724843		1784
1300		1438		2726809		1782
1301		1437		2728798		1787
1302		1437		2730735		1784
1303		1437		2732685		1785
1304		1435		2734644		1785
1305		1434		2736613		1786
1306		1433		2738579		1784
1307		1433		2740541		1784
1308		1433		2742521		1786
1309		1433		2744482		1788
1310		1432		2746473		1788
1311		1431		2748455		1789
1312		1431		2750376		1789
1313		1431		2752335		1789
1314		1431		2754295		1790
1315		1431		2756260		1791
1316		1431		2758238		1791
1317		1431		2760199		1790
1318		1431		2762197		1791
1319		1431		2764160		1790
1320		1431		2766144		1791
1321		1431		2768142		1790
1322		1431		2770090		1788
1323		1431		2772030		1787
1324		1431		2773979		1790
1325		1431		2775935		1789
1326		1431		2777904		1789
1327		1431		2779906		1788
1328		1431		2781888		1788
1329		1431		2783837		1787
1330		1431		2785787		1787
1331		1431		2787747		1787
1332		1431		2789698		1788
1333		1431		2791676		1790
1334		1431		2791676		1790
1335		1431		2791676		1790
1336		1431		2791676		1790
1337		1431		2791676		1790
1338		1431		2791676		1790
1339		1431		2791676		1790
1340		1431		2791676		1790
1341		1430		2791677		1789
1342		1430		2791677		1789
1343		1430		2791677		1789
1344		1430		2791677		1789
1345		1430		2791677		1789
1346		1430		2791677		1789
1347		1430		2791677		1789
1348		1430		2791677		1789
1349		1430		2791677		1789
1350		1430		2791677		1789
1351		1430		2791677		1789
1352		1430		2791677		1789
1353		1430		2791677		1789
1354		1430		2791677		1789
1355		1430		2791677		1789
1356		1430		2791677		1789
1357		1430		2791677		1789
1358		1430		2791677		1789
1359		1429		2791678		1788
1360		1429		2791678		1788
1361		1429		2791678		1788
1362		1429		2791678		1788
1363		1430		2791679		1787
1364		1429		2791680		1788
1365		1429		2791680		1788
1366		1429		2791680		1788
1367		1429		2791680		1788
1368		1429		2791680		1788
1369		1429		2791680		1788
1370		1429		2791680		1788
1371		1429		2791680		1788
1372		1429		2791680		1788
1373		1429		2791680		1788
1374		1429		2791680		1788
1375		1429		2791680		1788
1376		1429		2791680		1788
1377		1429		2791680		1788
1378		1428		2791681		1790
1379		1428		2791681		1790
1380		1428		2791681		1790
1381		1428		2791681		1790
1382		1428		2791681		1790
1383		1428		2791681		1790
1384		1428		2791681		1790
1385		1428		2791681		1790
1386		1428		2791681		1790
1387		1428		2791681		1790
1388		1428		2791681		1790
1389		1428		2791681		1790
1390		1428		2791681		1790
1391		1428		2791681		1790
1392		1428		2791681		1790
1393		1428		2791681		1790
1394		1428		2791681		1790
1395		1428		2791681		1790
1396		1428		2791681		1790
1397		1428		2791681		1790
1398		1428		2791681		1790
1399		1428		2791681		1790
1400		1428		2791681		1790
1401		1428		2791681		1790
1402		1428		2791681		1790
1403		1428		2791681		1790
1404		1428		2791681		1790
1405		1428		2791681		1790
1406		1428		2791681		1790
1407		1428		2791681		1790
1408		1428		2791681		1790
1409		1428		2791681		1790
1410		1428		2791681		1790
1411		1428		2791681		1790
1412		1428		2791681		1790
1413		1428		2791681		1790
1414		1428		2791681		1790
1415		1428		2791681		1790
1416		1428		2791681		1790
1417		1428		2791681		1790
1418		1428		2791681		1790
1419		1428		2791681		1790
1420		1428		2791681		1790
1421		1428		2791681		1790
1422		1428		2791681		1790
1423		1428		2791681		1790
1424		1428		2791681		1790
1425		1428		2791681		1790
1426		1428		2791681		1790
1427		1428		2791681		1790
1428		1428		2791681		1790
1429		1428		2791681		1790
1430		1428		2791681		1790
1431		1428		2791681		1790
1432		1428		2791681		1790
1433		1428		2791681		1790
1434		1428		2791681		1790
1435		1428		2791681		1790
1436		1428		2791681		1790
1437		1428		2791681		1790
1438		1428		2791681		1790
1439		1428		2791681		1790
1440		1428		2791681		1790
1441		1428		2791681		1790
1442		1428		2791681		1790
1443		1428		2791681		1790
1444		1428		2791681		1790
1445		1428		2791681		1790
1446		1428		2791681		1790
1447		1428		2791681		1790
1448		1428		2791681		1790
1449		1428		2791681		1790
1450		1428		2791681		1790
1451		1428		2791681		1790
1452		1428		2791681		1790
1453		1428		2791681		1790
1454		1428		2791681		1790
1455		1428		2791681		1790
1456		1428		2791681		1790
1457		1428		2791681		1790
1458		1428		2791681		1790
1459		1428		2791681		1790
1460		1428		2791681		1790
1461		1428		2791681		1790
1462		1428		2791681		1790
1463		1428		2791681		1790
1464		1428		2791681		1790
1465		1428		2791681		1790
1466		1428		2791681		1790
1467		1428		2791681		1790
1468		1428		2791681		1790
1469		1428		2791681		1790
1470		1428		2791681		1790
1471		1428		2791681		1790
1472		1428		2791681		1790
1473		1428		2791681		1790
1474		1428		2791681		1790
1475		1428		2791681		1790
1476		1428		2791681		1790
1477		1429		2791682		1789
1478		1429		2791682		1789
1479		1429		2791683		1790
1480		1429		2791683		1790
1481		1429		2791683		1790
1482		1429		2791683		1790
1483		1429		2791683		1790
1484		1428		2791684		1790
1485		1428		2791684		1790
1486		1428		2791684		1790
1487		1428		2791684		1790
1488		1428		2791684		1790
1489		1428		2791684		1790
1490		1428		2791684		1790
1491		1428		2791684		1790
1492		1428		2791684		1790
1493		1428		2791684		1790
1494		1428		2791684		1790
1495		1428		2791684		1790
1496		1428		2791684		1790
1497		1428		2791684		1790
1498		1428		2791684		1790
1499		1428		2791684		1790
1500		1428		2791684		1790
1501		1428		2791684		1790
1502		1428		2791684		1790
1503		1428		2791684		1790
1504		1428		2791684		1790
1505		1428		2791684		1790
1506		1428		2791684		1790
1507		1428		2791684		1790
1508		1428		2791684		1790
1509		1428		2791684		1790
1510		1428		2791684		1790
1511		1428		2791684		1790
1512		1428		2791684		1790
1513		1428		2791684		1790
1514		1428		2791686		1790
1515		1428		2791686		1790
1516		1428		2791686		1790
1517		1428		2791686		1790
1518		1428		2791686		1790
1519		1428		2791686		1790
1520		1428		2791686		1790
1521		1428		2791686		1790
1522		1428		2791686		1790
1523		1428		2791686		1790
1524		1428		2791686		1790
1525		1428		2791686		1790
1526		1428		2791686		1790
1527		1428		2791686		1790
1528		1428		2791686		1790
1529		1428		2791686		1790
1530		1428		2791686		1790
1531		1428		2791686		1790
1532		1428		2791686		1790
1533		1428		2791686		1790
1534		1428		2791686		1790
1535		1428		2791686		1790
1536		1428		2791686		1790
1537		1428		2791686		1790
1538		1428		2791686		1790
1539		1428		2791686		1790
1540		1428		2791686		1790
1541		1428		2791686		1790
1542		1428		2791686		1790
1543		1428		2791686		1790
1544		1428		2791686		1790
1545		1428		2791686		1790
1546		1428		2791686		1790
1547		1428		2791686		1790
1548		1428		2791686		1790
1549		1428		2791686		1790
1550		1428		2791686		1790
1551		1428		2791686		1790
1552		1428		2791686		1790
1553		1428		2791686		1790
1554		1428		2791686		1790
1555		1428		2791686		1790
1556		1428		2791686		1790
1557		1428		2791686		1790
1558		1428		2791686		1790
1559		1429		2791687		1789
1560		1428		2791688		1790
1561		1428		2791688		1790
1562		1428		2791688		1790
1563		1428		2791688		1790
1564		1428		2791688		1790
1565		1428		2791688		1790
1566		1428		2791688		1790
1567		1428		2791688		1790
1568		1428		2791688		1790
1569		1428		2791688		1790
1570		1428		2791688		1790
1571		1428		2791688		1790
1572		1428		2791688		1790
1573		1428		2791688		1790
1574		1428		2791688		1790
1575		1428		2791688		1790
1576		1428		2791688		1790
1577		1428		2791688		1790
1578		1428		2791688		1790
1579		1428		2791688		1790
1580		1428		2791688		1790
1581		1428		2791688		1790
1582		1428		2791688		1790
1583		1428		2791688		1790
1584		1428		2791688		1790
1585		1428		2791688		1790
1586		1428		2791688		1790
1587		1428		2791688		1790
1588		1428		2791688		1790
1589		1428		2791688		1790
1590		1428		2791690		1790
1591		1428		2791690		1790
1592		1428		2791690		1790
1593		1427		2791691		1791
1594		1427		2791691		1791
1595		1427		2791691		1791
1596		1427		2791691		1791
1597		1427		2791691		1791
1598		1427		2791691		1791
1599		1427		2791691		1791
1600		1427		2791691		1791
1601		1427		2791691		1791
1602		1427		2791691		1791
1603		1427		2791691		1791
1604		1427		2791691		1791
1605		1427		2791691		1791
1606		1427		2791691		1791
1607		1427		2791691		1791
1608		1427		2791691		1791
1609		1427		2791691		1791
1610		1427		2791691		1791
1611		1427		2791691		1791
1612		1427		2791691		1791
1613		1427		2791691		1791
1614		1427		2791691		1791
1615		1427		2791691		1791
1616		1427		2791691		1791
1617		1427		2791691		1791
1618		1427		2791691		1791
1619		1427		2791691		1791
1620		1427		2791691		1791
1621		1427		2791691		1791
1622		1427		2791691		1791
1623		1427		2791691		1791
1624		1427		2791691		1791
1625		1427		2791691		1791
1626		1427		2791691		1791
1627		1427		2791691		1791
1628		1427		2791691		1791
1629		1427		2791691		1791
1630		1427		2791691		1791
1631		1427		2791691		1791
1632		1427		2791691		1791
1633		1427		2791691		1791
1634		1427		2791691		1791
1635		1427		2791691		1791
1636		1427		2791691		1791
1637		1427		2791691		1791
1638		1427		2791691		1791
1639		1427		2791691		1791
1640		1427		2791691		1791
1641		1427		2791691		1791
1642		1427		2791691		1791
1643		1427		2791691		1791
1644		1427		2791691		1791
1645		1427		2791691		1791
1646		1427		2791691		1791
1647		1427		2791691		1791
1648		1427		2791691		1791
1649		1427		2791691		1791
1650		1427		2791691		1791
1651		1427		2791691		1791
1652		1427		2791691		1791
1653		1427		2791691		1791
1654		1427		2791691		1791
1655		1427		2791691		1791
1656		1427		2791691		1791
1657		1427		2791691		1791
1658		1427		2791691		1791
1659		1427		2791691		1791
1660		1427		2791691		1791
1661		1427		2791691		1791
1662		1427		2791691		1791
1663		1427		2791691		1791
1664		1427		2791691		1791
1665		1427		2791691		1791
1666		1427		2791691		1791
1667		1427		2791691		1791
1668		1427		2791691		1791
1669		1427		2791691		1791
1670		1427		2791691		1791
1671		1427		2791691		1791
1672		1427		2791691		1791
1673		1427		2791691		1791
1674		1427		2791691		1791
1675		1427		2791691		1791
1676		1427		2791691		1791
1677		1427		2791691		1791
1678		1427		2791691		1791
1679		1427		2791691		1791
1680		1427		2791691		1791
1681		1427		2791691		1791
1682		1427		2791691		1791
1683		1427		2791691		1791
1684		1428		2791692		1791
1685		1428		2791693		1792
1686		1428		2791693		1792
1687		1428		2791693		1792
1688		1428		2791693		1792
1689		1428		2791693		1792
1690		1428		2791693		1792
1691		1428		2791693		1792
1692		1428		2791693		1792
1693		1428		2791693		1792
1694		1428		2791693		1792
1695		1428		2791693		1792
1696		1428		2791693		1792
1697		1428		2791693		1792
1698		1428		2791693		1792
1699		1428		2791693		1792
1700		1428		2791693		1792
1701		1428		2791693		1792
1702		1428		2791693		1792
1703		1428		2791693		1792
1704		1428		2791693		1792
1705		1428		2791693		1792
1706		1428		2791693		1792
1707		1428		2791693		1792
1708		1428		2791693		1792
1709		1428		2791693		1792
1710		1428		2791693		1792
1711		1428		2791694		1791
1712		1428		2791694		1791
1713		1428		2791694		1791
1714		1428		2791694		1791
1715		1428		2791694		1791
1716		1428		2791694		1791
1717		1428		2791694		1791
1718		1428		2791694		1791
1719		1428		2791694		1791
1720		1428		2791694		1791
1721		1428		2791694		1791
1722		1428		2791694		1791
1723		1428		2791694		1791
1724		1428		2791694		1791
1725		1428		2791694		1791
1726		1428		2791694		1791
1727		1428		2791694		1791
1728		1428		2791694		1791
1729		1428		2791694		1791
1730		1428		2791694		1791
1731		1428		2791694		1791
1732		1428		2791694		1791
1733		1428		2791694		1791
1734		1428		2791694		1791
1735		1428		2791694		1791
1736		1428		2791694		1791
1737		1428		2791694		1791
1738		1428		2791694		1791
1739		1428		2791694		1791
1740		1428		2791694		1791
1741		1428		2791694		1791
1742		1428		2791694		1791
1743		1428		2791694		1791
1744		1428		2791694		1791
1745		1428		2791694		1791
1746		1428		2791694		1791
1747		1428		2791694		1791
1748		1428		2791694		1791
1749		1428		2791694		1791
1750		1428		2791694		1791
1751		1428		2791694		1791
1752		1428		2791694		1791
1753		1428		2791694		1791
1754		1428		2791694		1791
1755		1428		2791694		1791
1756		1428		2791694		1791
1757		1428		2791694		1791
1758		1428		2791694		1791
1759		1428		2791694		1791
1760		1428		2791694		1791
1761		1428		2791694		1791
1762		1428		2791694		1791
1763		1428		2791694		1791
1764		1428		2791694		1791
1765		1428		2791694		1791
1766		1428		2791694		1791
1767		1428		2791694		1791
1768		1428		2791694		1791
1769		1428		2791694		1791
1770		1428		2791694		1791
1771		1428		2791694		1791
1772		1428		2791694		1791
1773		1428		2791694		1791
1774		1428		2791694		1791
1775		1428		2791694		1791
1776		1428		2791694		1791
1777		1428		2791694		1791
1778		1428		2791694		1791
1779		1428		2791694		1791
1780		1428		2791694		1791
1781		1428		2791694		1791
1782		1428		2791694		1791
1783		1428		2791694		1791
1784		1428		2791694		1791
1785		1428		2791694		1791
1786		1428		2791694		1791
1787		1428		2791694		1791
1788		1428		2791694		1791
1789		1428		2791694		1791
1790		1427		2791695		1791
1791		1427		2791695		1791
1792		1427		2791695		1791
1793		1427		2791695		1791
1794		1427		2791695		1791
1795		1427		2791695		1791
1796		1427		2791695		1791
1797		1427		2791695		1791
1798		1427		2791695		1791
1799		1427		2791695		1791
1800		1427		2791695		1791
1801		1427		2791695		1791
1802		1427		2791695		1791
1803		1427		2791695		1791
1804		1427		2791695		1791
1805		1427		2791695		1791
1806		1427		2791695		1791
1807		1427		2791695		1791
1808		1427		2791695		1791
1809		1427		2791695		1791
1810		1427		2791695		1791
1811		1427		2791695		1791
1812		1427		2791695		1791
1813		1427		2791695		1791
1814		1427		2791695		1791
1815		1427		2791695		1791
1816		1427		2791695		1791
1817		1427		2791695		1791
1818		1427		2791695		1791
1819		1427		2791695		1791
1820		1427		2791695		1791
1821		1427		2791695		1791
1822		1427		2791695		1791
1823		1427		2791695		1791
1824		1427		2791695		1791
1825		1427		2791695		1791
1826		1427		2791695		1791
1827		1427		2791695		1791
1828		1427		2791695		1791
1829		1427		2791695		1791
1830		1427		2791695		1791
1831		1427		2791695		1791
1832		1427		2791695		1791
1833		1427		2791695		1791
1834		1427		2791695		1791
1835		1427		2791695		1791
1836		1427		2791695		1791
1837		1428		2791696		1790
1838		1428		2791697		1789
1839		1428		2791697		1789
1840		1428		2791697		1789
1841		1428		2791697		1789
1842		1428		2791697		1789
1843		1428		2791697		1789
1844		1428		2791697		1789
1845		1428		2791697		1789
1846		1428		2791697		1789
1847		1428		2791697		1789
1848		1428		2791697		1789
1849		1428		2791697		1789
1850		1428		2791697		1789
1851		1428		2791697		1789
1852		1428		2791697		1789
1853		1428		2791697		1789
1854		1428		2791697		1789
1855		1428		2791697		1789
1856		1428		2791697		1789
1857		1428		2791697		1789
1858		1428		2791697		1789
1859		1428		2791697		1789
1860		1428		2791697		1789
1861		1428		2791697		1789
1862		1428		2791697		1789
1863		1428		2791697		1789
1864		1427		2791698		1791
1865		1427		2791698		1791
1866		1427		2791698		1791
1867		1427		2791698		1791
1868		1427		2791698		1791
1869		1427		2791698		1791
1870		1427		2791698		1791
1871		1427		2791698		1791
1872		1427		2791698		1791
1873		1427		2791698		1791
1874		1427		2791698		1791
1875		1427		2791698		1791
1876		1427		2791698		1791
1877		1427		2791698		1791
1878		1427		2791698		1791
1879		1427		2791698		1791
1880		1427		2791698		1791
1881		1427		2791698		1791
1882		1427		2791698		1791
1883		1427		2791698		1791
1884		1427		2791698		1791
1885		1427		2791698		1791
1886		1427		2791698		1791
1887		1427		2791698		1791
1888		1427		2791698		1791
1889		1427		2791698		1791
1890		1427		2791698		1791
1891		1427		2791698		1791
1892		1427		2791698		1791
1893		1427		2791698		1791
1894		1427		2791698		1791
1895		1427		2791698		1791
1896		1427		2791698		1791
1897		1427		2791698		1791
1898		1427		2791698		1791
1899		1427		2791698		1791
1900		1427		2791698		1791
1901		1427		2791698		1791
1902		1427		2791698		1791
1903		1427		2791698		1791
1904		1427		2791698		1791
1905		1427		2791698		1791
1906		1427		2791698		1791
1907		1427		2791698		1791
1908		1427		2791698		1791
1909		1427		2791698		1791
1910		1427		2791698		1791
1911		1427		2791698		1791
1912		1427		2791698		1791
1913		1427		2791698		1791
1914		1427		2791698		1791
1915		1427		2791698		1791
1916		1427		2791698		1791
1917		1427		2791698		1791
1918		1427		2791698		1791
1919		1427		2791698		1791
1920		1427		2791698		1791
1921		1427		2791698		1791
1922		1427		2791698		1791
1923		1427		2791698		1791
1924		1427		2791698		1791
1925		1427		2791698		1791
1926		1427		2791698		1791
1927		1427		2791698		1791
1928		1427		2791698		1791
1929		1427		2791698		1791
1930		1427		2791698		1791
1931		1427		2791698		1791
1932		1427		2791698		1791
1933		1427		2791698		1791
1934		1427		2791698		1791
1935		1427		2791698		1791
1936		1427		2791698		1791
1937		1427		2791698		1791
1938		1427		2791698		1791
1939		1427		2791698		1791
1940		1427		2791698		1791
1941		1427		2791698		1791
1942		1427		2791698		1791
1943		1427		2791698		1791
1944		1427		2791698		1791
1945		1427		2791698		1791
1946		1427		2791698		1791
1947		1427		2791698		1791
1948		1427		2791698		1791
1949		1427		2791698		1791
1950		1427		2791698		1791
1951		1427		2791698		1791
1952		1427		2791698		1791
1953		1427		2791698		1791
1954		1427		2791698		1791
1955		1427		2791698		1791
1956		1427		2791698		1791
1957		1427		2791698		1791
1958		1427		2791698		1791
1959		1427		2791698		1791
1960		1427		2791698		1791
1961		1427		2791698		1791
1962		1427		2791698		1791
1963		1427		2791698		1791
1964		1427		2791698		1791
1965		1427		2791698		1791
1966		1427		2791698		1791
1967		1427		2791698		1791
1968		1427		2791698		1791
1969		1427		2791698		1791
1970		1427		2791698		1791
1971		1427		2791698		1791
1972		1427		2791698		1791
1973		1427		2791698		1791
1974		1427		2791698		1791
1975		1427		2791698		1791
1976		1427		2791698		1791
1977		1427		2791698		1791
1978		1427		2791698		1791
1979		1427		2791698		1791
1980		1427		2791698		1791
1981		1427		2791698		1791
1982		1427		2791698		1791
1983		1427		2791698		1791
1984		1427		2791698		1791
1985		1427		2791698		1791
1986		1427		2791698		1791
1987		1427		2791698		1791
1988		1427		2791698		1791
1989		1427		2791698		1791
1990		1427		2791698		1791
1991		1427		2791698		1791
1992		1427		2791698		1791
1993		1427		2791698		1791
1994		1427		2791698		1791
1995		1427		2791698		1791
1996		1427		2791698		1791
1997		1427		2791698		1791
1998		1427		2791698		1791
1999		1427		2791698		1791
2000		1427		2791698		1791
2001		1427		2791698		1791
2002		1427		2791698		1791
2003		1427		2791698		1791
2004		1427		2791698		1791
2005		1427		2791698		1791
2006		1427		2791698		1791
2007		1427		2791698		1791
2008		1427		2791698		1791
2009		1427		2791698		1791
2010		1427		2791698		1791
2011		1427		2791698		1791
2012		1427		2791698		1791
2013		1427		2791698		1791
2014		1427		2791698		1791
2015		1427		2791698		1791
2016		1427		2791698		1791
2017		1427		2791698		1791
2018		1427		2791698		1791
2019		1427		2791698		1791
2020		1427		2791698		1791
2021		1427		2791698		1791
2022		1427		2791698		1791
2023		1427		2791698		1791
2024		1427		2791698		1791
2025		1427		2791698		1791
2026		1427		2791698		1791
2027		1427		2791698		1791
2028		1427		2791698		1791
2029		1427		2791698		1791
2030		1427		2791698		1791
2031		1427		2791698		1791
2032		1427		2791698		1791
2033		1427		2791698		1791
2034		1428		2791699		1790
2035		1427		2791700		1789
2036		1427		2791700		1789
2037		1427		2791700		1789
2038		1427		2791700		1789
2039		1427		2791700		1789
2040		1427		2791700		1789
2041		1427		2791700		1789
2042		1427		2791700		1789
2043		1427		2791700		1789
2044		1427		2791700		1789
2045		1427		2791700		1789
2046		1427		2791700		1789
2047		1427		2791700		1789
2048		1427		2791700		1789
2049		1427		2791700		1789
2050		1427		2791700		1789
2051		1427		2791702		1791
2052		1427		2791702		1791
2053		1427		2791702		1791
2054		1427		2791702		1791
2055		1427		2791702		1791
2056		1427		2791702		1791
2057		1427		2791702		1791
2058		1427		2791702		1791
2059		1427		2791702		1791
2060		1427		2791702		1791
2061		1427		2791702		1791
2062		1427		2791702		1791
2063		1427		2791702		1791
2064		1427		2791702		1791
2065		1427		2791702		1791
2066		1427		2791702		1791
2067		1427		2791702		1791
2068		1427		2791702		1791
2069		1427		2791702		1791
2070		1427		2791702		1791
2071		1427		2791702		1791
2072		1427		2791702		1791
2073		1427		2791702		1791
2074		1427		2791702		1791
2075		1427		2791702		1791
2076		1427		2791702		1791
2077		1427		2791702		1791
2078		1427		2791702		1791
2079		1427		2791702		1791
2080		1427		2791702		1791
2081		1427		2791702		1791
2082		1427		2791702		1791
2083		1427		2791702		1791
2084		1427		2791702		1791
2085		1427		2791702		1791
2086		1427		2791702		1791
2087		1427		2791702		1791
2088		1427		2791702		1791
2089		1427		2791702		1791
2090		1427		2791702		1791
2091		1427		2791702		1791
2092		1427		2791702		1791
2093		1427		2791702		1791
2094		1427		2791702		1791
2095		1427		2791702		1791
2096		1427		2791702		1791
2097		1427		2791702		1791
2098		1427		2791702		1791
2099		1427		2791702		1791
2100		1427		2791702		1791
2101		1427		2791702		1791
2102		1427		2791702		1791
2103		1427		2791702		1791
2104		1427		2791702		1791
2105		1427		2791702		1791
2106		1427		2791702		1791
2107		1427		2791702		1791
2108		1427		2791702		1791
2109		1427		2791702		1791
2110		1427		2791702		1791
2111		1427		2791702		1791
2112		1427		2791702		1791
2113		1427		2791702		1791
2114		1427		2791702		1791
2115		1427		2791702		1791
2116		1427		2791702		1791
2117		1427		2791702		1791
2118		1427		2791702		1791
2119		1427		2791702		1791
2120		1427		2791702		1791
2121		1427		2791702		1791
2122		1427		2791702		1791
2123		1427		2791702		1791
2124		1427		2791702		1791
2125		1427		2791702		1791
2126		1427		2791702		1791
2127		1427		2791702		1791
2128		1427		2791702		1791
2129		1427		2791702		1791
2130		1427		2791702		1791
2131		1427		2791702		1791
2132		1427		2791702		1791
2133		1427		2791702		1791
2134		1427		2791702		1791
2135		1427		2791702		1791
2136		1427		2791702		1791
2137		1427		2791702		1791
2138		1427		2791702		1791
2139		1427		2791702		1791
2140		1427		2791702		1791
2141		1427		2791702		1791
2142		1427		2791702		1791
2143		1427		2791702		1791
2144		1427		2791702		1791
2145		1427		2791702		1791
2146		1427		2791702		1791
2147		1427		2791702		1791
2148		1427		2791702		1791
2149		1427		2791702		1791
2150		1427		2791702		1791
2151		1427		2791702		1791
2152		1427		2791702		1791
2153		1427		2791702		1791
2154		1427		2791702		1791
2155		1427		2791702		1791
2156		1427		2791702		1791
2157		1427		2791702		1791
2158		1427		2791702		1791
2159		1427		2791702		1791
2160		1427		2791702		1791
2161		1427		2791702		1791
2162		1427		2791702		1791
2163		1427		2791702		1791
2164		1427		2791702		1791
2165		1427		2791702		1791
2166		1427		2791702		1791
2167		1427		2791702		1791
2168		1427		2791702		1791
2169		1427		2791702		1791
2170		1427		2791702		1791
2171		1427		2791702		1791
2172		1427		2791702		1791
2173		1427		2791702		1791
2174		1427		2791702		1791
2175		1427		2791702		1791
2176		1427		2791702		1791
2177		1427		2791702		1791
2178		1427		2791702		1791
2179		1427		2791702		1791
2180		1427		2791702		1791
2181		1427		2791702		1791
2182		1427		2791702		1791
2183		1427		2791702		1791
2184		1427		2791702		1791
2185		1427		2791702		1791
2186		1427		2791702		1791
2187		1427		2791702		1791
2188		1427		2791702		1791
2189		1427		2791702		1791
2190		1427		2791702		1791
2191		1427		2791702		1791
2192		1427		2791702		1791
2193		1427		2791702		1791
2194		1427		2791702		1791
2195		1427		2791702		1791
2196		1427		2791702		1791
2197		1427		2791702		1791
2198		1427		2791702		1791
2199		1427		2791702		1791
2200		1427		2791702		1791
2201		1427		2791702		1791
2202		1427		2791702		1791
2203		1427		2791702		1791
2204		1427		2791702		1791
2205		1427		2791702		1791
2206		1427		2791702		1791
2207		1427		2791702		1791
2208		1427		2791702		1791
2209		1427		2791702		1791
2210		1427		2791702		1791
2211		1427		2791702		1791
2212		1427		2791702		1791
2213		1427		2791702		1791
2214		1427		2791702		1791
2215		1427		2791702		1791
2216		1427		2791702		1791
2217		1427		2791702		1791
2218		1427		2791702		1791
2219		1427		2791702		1791
2220		1427		2791702		1791
2221		1427		2791702		1791
2222		1427		2791702		1791
2223		1427		2791702		1791
2224		1427		2791702		1791
2225		1427		2791702		1791
2226		1427		2791702		1791
2227		1427		2791702		1791
2228		1427		2791702		1791
2229		1427		2791702		1791
2230		1427		2791702		1791
2231		1427		2791702		1791
2232		1427		2791702		1791
2233		1427		2791702		1791
2234		1427		2791702		1791
2235		1427		2791702		1791
2236		1427		2791702		1791
2237		1427		2791702		1791
2238		1427		2791702		1791
2239		1427		2791702		1791
2240		1427		2791702		1791
2241		1427		2791702		1791
2242		1427		2791702		1791
2243		1427		2791702		1791
2244		1427		2791702		1791
2245		1427		2791702		1791
2246		1427		2791702		1791
2247		1427		2791702		1791
2248		1427		2791702		1791
2249		1427		2791702		1791
2250		1427		2791702		1791
2251		1427		2791702		1791
2252		1427		2791702		1791
2253		1427		2791702		1791
2254		1427		2791702		1791
2255		1427		2791702		1791
2256		1427		2791702		1791
2257		1427		2791702		1791
2258		1427		2791702		1791
2259		1427		2791702		1791
2260		1427		2791702		1791
2261		1427		2791702		1791
2262		1427		2791702		1791
2263		1427		2791702		1791
2264		1427		2791702		1791
2265		1427		2791702		1791
2266		1427		2791702		1791
2267		1427		2791702		1791
2268		1427		2791702		1791
2269		1427		2791702		1791
2270		1427		2791702		1791
2271		1427		2791702		1791
2272		1427		2791702		1791
2273		1427		2791702		1791
2274		1427		2791702		1791
2275		1427		2791702		1791
2276		1427		2791702		1791
2277		1427		2791702		1791
2278		1427		2791702		1791
2279		1427		2791702		1791
2280		1427		2791702		1791
2281		1427		2791702		1791
2282		1427		2791702		1791
2283		1427		2791702		1791
2284		1427		2791702		1791
2285		1427		2791702		1791
2286		1427		2791702		1791
2287		1427		2791702		1791
2288		1427		2791702		1791
2289		1427		2791702		1791
2290		1427		2791702		1791
2291		1427		2791702		1791
2292		1427		2791702		1791
2293		1427		2791702		1791
2294		1427		2791702		1791
2295		1427		2791702		1791
2296		1427		2791702		1791
2297		1427		2791702		1791
2298		1427		2791702		1791
2299		1427		2791702		1791
2300		1427		2791702		1791
2301		1427		2791702		1791
2302		1427		2791702		1791
2303		1427		2791702		1791
2304		1427		2791702		1791
2305		1427		2791702		1791
2306		1427		2791702		1791
2307		1427		2791702		1791
2308		1427		2791702		1791
2309		1427		2791702		1791
2310		1427		2791702		1791
2311		1427		2791702		1791
2312		1427		2791702		1791
2313		1427		2791702		1791
2314		1427		2791702		1791
2315		1427		2791702		1791
2316		1427		2791702		1791
2317		1427		2791702		1791
2318		1427		2791702		1791
2319		1427		2791702		1791
2320		1427		2791702		1791
2321		1427		2791702		1791
2322		1427		2791702		1791
2323		1427		2791702		1791
2324		1427		2791702		1791
2325		1427		2791702		1791
2326		1427		2791702		1791
2327		1427		2791702		1791
2328		1427		2791702		1791
2329		1427		2791702		1791
2330		1427		2791702		1791
2331		1427		2791702		1791
2332		1427		2791702		1791
2333		1427		2791702		1791
2334		1427		2791702		1791
2335		1427		2791702		1791
2336		1427		2791702		1791
2337		1427		2791702		1791
2338		1427		2791702		1791
2339		1427		2791702		1791
2340		1427		2791702		1791
2341		1427		2791702		1791
2342		1427		2791702		1791
2343		1427		2791702		1791
2344		1427		2791702		1791
2345		1427		2791702		1791
2346		1427		2791702		1791
2347		1427		2791702		1791
2348		1427		2791702		1791
2349		1427		2791702		1791
2350		1427		2791702		1791
2351		1427		2791702		1791
2352		1427		2791702		1791
2353		1427		2791702		1791
2354		1428		2791703		1790
2355		1428		2791703		1790
2356		1427		2791704		1789
2357		1427		2791704		1789
2358		1427		2791704		1789
2359		1427		2791704		1789
2360		1427		2791704		1789
2361		1427		2791704		1789
2362		1427		2791704		1789
2363		1427		2791704		1789
2364		1427		2791704		1789
2365		1427		2791704		1789
2366		1427		2791704		1789
2367		1427		2791704		1789
2368		1427		2791704		1789
2369		1427		2791704		1789
2370		1427		2791704		1789
2371		1427		2791704		1789
2372		1427		2791704		1789
2373		1427		2791704		1789
2374		1427		2791704		1789
2375		1427		2791704		1789
2376		1427		2791704		1789
2377		1427		2791704		1789
2378		1427		2791704		1789
2379		1427		2791704		1789
2380		1427		2791704		1789
2381		1427		2791704		1789
2382		1427		2791704		1789
2383		1427		2791704		1789
2384		1427		2791704		1789
2385		1427		2791704		1789
2386		1427		2791704		1789
2387		1427		2791704		1789
2388		1427		2791704		1789
2389		1427		2791704		1789
2390		1427		2791704		1789
2391		1427		2791704		1789
2392		1427		2791704		1789
2393		1427		2791704		1789
2394		1427		2791704		1789
2395		1427		2791704		1789
2396		1427		2791704		1789
2397		1427		2791704		1789
2398		1427		2791704		1789
2399		1427		2791704		1789
2400		1427		2791704		1789
2401		1427		2791704		1789
2402		1427		2791704		1789
2403		1427		2791704		1789
2404		1427		2791704		1789
2405		1427		2791704		1789
2406		1427		2791704		1789
2407		1427		2791704		1789
2408		1427		2791704		1789
2409		1427		2791704		1789
2410		1427		2791704		1789
2411		1427		2791704		1789
2412		1427		2791704		1789
2413		1427		2791704		1789
2414		1427		2791704		1789
2415		1427		2791704		1789
2416		1427		2791704		1789
2417		1427		2791704		1789
2418		1427		2791704		1789
2419		1427		2791704		1789
2420		1427		2791704		1789
2421		1427		2791704		1789
2422		1427		2791704		1789
2423		1427		2791704		1789
2424		1427		2791704		1789
2425		1427		2791704		1789
2426		1427		2791704		1789
2427		1427		2791704		1789
2428		1427		2791704		1789
2429		1427		2791704		1789
2430		1427		2791704		1789
2431		1427		2791704		1789
2432		1427		2791704		1789
2433		1427		2791704		1789
2434		1427		2791704		1789
2435		1427		2791704		1789
2436		1427		2791704		1789
2437		1427		2791704		1789
2438		1427		2791704		1789
2439		1427		2791704		1789
2440		1427		2791704		1789
2441		1427		2791704		1789
2442		1427		2791704		1789
2443		1427		2791704		1789
2444		1427		2791704		1789
2445		1427		2791704		1789
2446		1427		2791704		1789
2447		1427		2791704		1789
2448		1427		2791704		1789
2449		1427		2791704		1789
2450		1427		2791704		1789
2451		1427		2791704		1789
2452		1427		2791704		1789
2453		1427		2791704		1789
2454		1427		2791704		1789
2455		1427		2791704		1789
2456		1427		2791704		1789
2457		1427		2791704		1789
2458		1427		2791704		1789
2459		1427		2791704		1789
2460		1427		2791704		1789
2461		1427		2791704		1789
2462		1427		2791704		1789
2463		1427		2791704		1789
2464		1427		2791704		1789
2465		1427		2791704		1789
2466		1427		2791704		1789
2467		1427		2791704		1789
2468		1427		2791704		1789
2469		1427		2791704		1789
2470		1427		2791704		1789
2471		1427		2791704		1789
2472		1427		2791704		1789
2473		1427		2791704		1789
2474		1427		2791704		1789
2475		1427		2791704		1789
2476		1427		2791704		1789
2477		1427		2791704		1789
2478		1427		2791704		1789
2479		1427		2791704		1789
2480		1427		2791704		1789
2481		1427		2791704		1789
2482		1427		2791704		1789
2483		1427		2791704		1789
2484		1427		2791704		1789
2485		1427		2791704		1789
2486		1427		2791704		1789
2487		1427		2791704		1789
2488		1427		2791704		1789
2489		1427		2791704		1789
2490		1427		2791704		1789
2491		1427		2791704		1789
2492		1427		2791704		1789
2493		1427		2791704		1789
2494		1427		2791704		1789
2495		1427		2791704		1789
2496		1427		2791704		1789
2497		1427		2791704		1789
2498		1427		2791704		1789
2499		1427		2791704		1789
2500		1427		2791704		1789
2501		1427		2791704		1789
2502		1427		2791704		1789
2503		1427		2791704		1789
2504		1427		2791704		1789
2505		1427		2791704		1789
2506		1427		2791704		1789
2507		1427		2791704		1789
2508		1427		2791704		1789
2509		1427		2791704		1789
2510		1427		2791704		1789
2511		1427		2791704		1789
2512		1427		2791704		1789
2513		1427		2791704		1789
2514		1427		2791704		1789
2515		1427		2791704		1789
2516		1427		2791704		1789
2517		1427		2791704		1789
2518		1427		2791704		1789
2519		1427		2791704		1789
2520		1427		2791704		1789
2521		1427		2791704		1789
2522		1427		2791704		1789
2523		1427		2791704		1789
2524		1427		2791704		1789
2525		1427		2791704		1789
2526		1427		2791704		1789
2527		1427		2791704		1789
2528		1427		2791704		1789
2529		1427		2791704		1789
2530		1427		2791704		1789
2531		1427		2791704		1789
2532		1427		2791704		1789
2533		1427		2791704		1789
2534		1427		2791704		1789
2535		1427		2791704		1789
2536		1427		2791704		1789
2537		1427		2791704		1789
2538		1427		2791704		1789
2539		1427		2791704		1789
2540		1427		2791704		1789
2541		1427		2791704		1789
2542		1427		2791704		1789
2543		1427		2791704		1789
2544		1427		2791704		1789
2545		1427		2791704		1789
2546		1427		2791704		1789
2547		1427		2791704		1789
2548		1427		2791704		1789
2549		1427		2791704		1789
2550		1427		2791704		1789
2551		1427		2791704		1789
2552		1427		2791704		1789
2553		1427		2791704		1789
2554		1427		2791704		1789
2555		1427		2791704		1789
2556		1427		2791704		1789
2557		1427		2791704		1789
2558		1427		2791704		1789
2559		1427		2791704		1789
2560		1427		2791704		1789
2561		1427		2791704		1789
2562		1427		2791704		1789
2563		1427		2791704		1789
2564		1427		2791704		1789
2565		1427		2791704		1789
2566		1427		2791704		1789
2567		1427		2791704		1789
2568		1427		2791704		1789
2569		1427		2791704		1789
2570		1427		2791704		1789
2571		1427		2791704		1789
2572		1427		2791704		1789
2573		1427		2791704		1789
2574		1427		2791704		1789
2575		1427		2791704		1789
2576		1427		2791704		1789
2577		1427		2791704		1789
2578		1427		2791704		1789
2579		1427		2791704		1789
2580		1427		2791704		1789
2581		1427		2791704		1789
2582		1427		2791704		1789
2583		1427		2791704		1789
2584		1427		2791704		1789
2585		1427		2791704		1789
2586		1427		2791704		1789
2587		1427		2791704		1789
2588		1427		2791704		1789
2589		1427		2791704		1789
2590		1427		2791704		1789
2591		1427		2791704		1789
2592		1427		2791704		1789
2593		1427		2791704		1789
2594		1427		2791704		1789
2595		1427		2791704		1789
2596		1427		2791704		1789
2597		1427		2791704		1789
2598		1427		2791704		1789
2599		1427		2791704		1789
2600		1427		2791704		1789
2601		1427		2791704		1789
2602		1427		2791704		1789
2603		1427		2791704		1789
2604		1427		2791704		1789
2605		1427		2791704		1789
2606		1427		2791704		1789
2607		1427		2791704		1789
2608		1427		2791704		1789
2609		1427		2791704		1789
2610		1427		2791704		1789
2611		1427		2791704		1789
2612		1427		2791704		1789
2613		1427		2791704		1789
2614		1427		2791704		1789
2615		1427		2791704		1789
2616		1427		2791704		1789
2617		1427		2791704		1789
2618		1427		2791704		1789
2619		1427		2791704		1789
2620		1427		2791704		1789
2621		1427		2791704		1789
2622		1427		2791704		1789
2623		1427		2791704		1789
2624		1427		2791704		1789
2625		1427		2791704		1789
2626		1427		2791704		1789
2627		1427		2791704		1789
2628		1427		2791704		1789
2629		1427		2791704		1789
2630		1427		2791704		1789
2631		1427		2791704		1789
2632		1427		2791704		1789
2633		1427		2791704		1789
2634		1427		2791704		1789
2635		1427		2791704		1789
2636		1427		2791704		1789
2637		1427		2791704		1789
2638		1427		2791704		1789
2639		1427		2791704		1789
2640		1427		2791704		1789
2641		1427		2791704		1789
2642		1427		2791704		1789
2643		1427		2791704		1789
2644		1427		2791704		1789
2645		1427		2791704		1789
2646		1427		2791704		1789
2647		1427		2791704		1789
2648		1427		2791704		1789
2649		1427		2791704		1789
2650		1427		2791704		1789
2651		1427		2791704		1789
2652		1427		2791704		1789
2653		1427		2791704		1789
2654		1427		2791704		1789
2655		1427		2791704		1789
2656		1427		2791704		1789
2657		1427		2791704		1789
2658		1427		2791704		1789
2659		1427		2791704		1789
2660		1427		2791704		1789
2661		1427		2791704		1789
2662		1427		2791704		1789
2663		1427		2791704		1789
2664		1427		2791704		1789
2665		1427		2791704		1789
2666		1427		2791704		1789
2667		1427		2791704		1789
2668		1427		2791704		1789
2669		1427		2791704		1789
2670		1427		2791704		1789
2671		1427		2791704		1789
2672		1427		2791704		1789
2673		1427		2791704		1789
2674		1427		2791704		1789
2675		1427		2791704		1789
2676		1427		2791704		1789
2677		1427		2791704		1789
2678		1427		2791704		1789
2679		1427		2791704		1789
2680		1427		2791704		1789
2681		1427		2791704		1789
2682		1427		2791704		1789
2683		1427		2791704		1789
2684		1427		2791704		1789
2685		1427		2791704		1789
2686		1427		2791704		1789
2687		1427		2791704		1789
2688		1427		2791704		1789
2689		1427		2791704		1789
2690		1427		2791704		1789
2691		1427		2791704		1789
2692		1427		2791704		1789
2693		1427		2791704		1789
2694		1427		2791704		1789
2695		1427		2791704		1789
2696		1427		2791704		1789
2697		1427		2791704		1789
2698		1427		2791704		1789
2699		1427		2791704		1789
2700		1427		2791704		1789
2701		1427		2791704		1789
2702		1427		2791704		1789
2703		1427		2791704		1789
2704		1427		2791704		1789
2705		1427		2791704		1789
2706		1427		2791704		1789
2707		1427		2791704		1789
2708		1427		2791704		1789
2709		1427		2791704		1789
2710		1427		2791704		1789
2711		1427		2791704		1789
2712		1427		2791704		1789
2713		1427		2791704		1789
2714		1427		2791704		1789
2715		1427		2791704		1789
2716		1427		2791704		1789
2717		1427		2791704		1789
2718		1427		2791704		1789
2719		1427		2791704		1789
2720		1427		2791704		1789
2721		1427		2791704		1789
2722		1427		2791704		1789
2723		1427		2791704		1789
2724		1427		2791704		1789
2725		1427		2791704		1789
2726		1427		2791704		1789
2727		1427		2791704		1789
2728		1427		2791704		1789
2729		1427		2791704		1789
2730		1427		2791704		1789
2731		1427		2791704		1789
2732		1427		2791704		1789
2733		1427		2791704		1789
2734		1427		2791704		1789
2735		1427		2791704		1789
2736		1427		2791704		1789
2737		1427		2791704		1789
2738		1427		2791704		1789
2739		1427		2791704		1789
2740		1427		2791704		1789
2741		1427		2791704		1789
2742		1427		2791704		1789
2743		1427		2791704		1789
2744		1427		2791704		1789
2745		1427		2791704		1789
2746		1427		2791704		1789
2747		1427		2791704		1789
2748		1427		2791704		1789
2749		1427		2791704		1789
2750		1427		2791704		1789
2751		1427		2791704		1789
2752		1427		2791704		1789
2753		1427		2791704		1789
2754		1427		2791704		1789
2755		1427		2791704		1789
2756		1427		2791704		1789
2757		1427		2791704		1789
2758		1427		2791704		1789
2759		1427		2791704		1789
2760		1427		2791704		1789
2761		1427		2791704		1789
2762		1427		2791704		1789
2763		1427		2791704		1789
2764		1427		2791704		1789
2765		1427		2791704		1789
2766		1427		2791704		1789
2767		1427		2791704		1789
2768		1427		2791704		1789
2769		1427		2791704		1789
2770		1427		2791704		1789
2771		1427		2791704		1789
2772		1427		2791704		1789
2773		1427		2791704		1789
2774		1427		2791704		1789
2775		1427		2791704		1789
2776		1427		2791704		1789
2777		1427		2791704		1789
2778		1427		2791704		1789
2779		1427		2791704		1789
2780		1427		2791704		1789
2781		1427		2791704		1789
2782		1427		2791704		1789
2783		1427		2791704		1789
2784		1427		2791704		1789
2785		1427		2791704		1789
2786		1427		2791704		1789
2787		1427		2791704		1789
2788		1427		2791704		1789
2789		1427		2791704		1789
2790		1427		2791704		1789
2791		1427		2791704		1789
2792		1427		2791704		1789
2793		1427		2791704		1789
2794		1427		2791704		1789
2795		1427		2791704		1789
2796		1427		2791704		1789
2797		1427		2791704		1789
2798		1427		2791704		1789
2799		1427		2791704		1789
2800		1427		2791704		1789
2801		1427		2791704		1789
2802		1427		2791704		1789
2803		1427		2791704		1789
2804		1427		2791704		1789
2805		1427		2791704		1789
2806		1427		2791704		1789
2807		1427		2791704		1789
2808		1427		2791704		1789
2809		1427		2791704		1789
2810		1427		2791704		1789
2811		1427		2791704		1789
2812		1427		2791704		1789
2813		1427		2791704		1789
2814		1427		2791704		1789
2815		1427		2791704		1789
2816		1427		2791704		1789
2817		1427		2791704		1789
2818		1427		2791704		1789
2819		1427		2791704		1789
2820		1427		2791704		1789
2821		1427		2791704		1789
2822		1427		2791704		1789
2823		1427		2791704		1789
2824		1427		2791704		1789
2825		1427		2791704		1789
2826		1427		2791704		1789
2827		1427		2791704		1789
2828		1427		2791704		1789
2829		1427		2791704		1789
2830		1427		2791704		1789
2831		1427		2791704		1789
2832		1427		2791704		1789
2833		1427		2791704		1789
2834		1427		2791704		1789
2835		1427		2791704		1789
2836		1427		2791704		1789
2837		1427		2791704		1789
2838		1427		2791704		1789
2839		1427		2791704		1789
2840		1427		2791704		1789
2841		1427		2791704		1789
2842		1427		2791704		1789
2843		1427		2791704		1789
2844		1427		2791704		1789
2845		1427		2791704		1789
2846		1427		2791704		1789
2847		1427		2791704		1789
2848		1427		2791704		1789
2849		1427		2791704		1789
2850		1427		2791704		1789
2851		1427		2791704		1789
2852		1427		2791704		1789
2853		1427		2791704		1789
2854		1427		2791704		1789
2855		1427		2791704		1789
2856		1427		2791704		1789
2857		1427		2791704		1789
2858		1427		2791704		1789
2859		1427		2791704		1789
2860		1427		2791704		1789
2861		1427		2791704		1789
2862		1427		2791704		1789
2863		1427		2791704		1789
2864		1427		2791704		1789
2865		1427		2791704		1789
2866		1427		2791706		1791
2867		1427		2791706		1791
2868		1427		2791706		1791
2869		1427		2791706		1791
2870		1427		2791706		1791
2871		1427		2791706		1791
2872		1427		2791706		1791
2873		1427		2791706		1791
2874		1427		2791706		1791
2875		1427		2791706		1791
2876		1427		2791706		1791
2877		1427		2791706		1791
2878		1427		2791706		1791
2879		1427		2791706		1791
2880		1427		2791706		1791
2881		1427		2791706		1791
2882		1427		2791706		1791
2883		1427		2791706		1791
2884		1427		2791706		1791
2885		1427		2791706		1791
2886		1427		2791706		1791
2887		1427		2791706		1791
2888		1427		2791706		1791
2889		1427		2791706		1791
2890		1427		2791706		1791
2891		1427		2791706		1791
2892		1427		2791706		1791
2893		1427		2791706		1791
2894		1427		2791706		1791
2895		1427		2791706		1791
2896		1427		2791706		1791
2897		1427		2791706		1791
2898		1427		2791706		1791
2899		1427		2791706		1791
2900		1427		2791706		1791
2901		1427		2791706		1791
2902		1427		2791706		1791
2903		1427		2791706		1791
2904		1427		2791706		1791
2905		1427		2791706		1791
2906		1427		2791706		1791
2907		1427		2791706		1791
2908		1427		2791706		1791
2909		1427		2791706		1791
2910		1427		2791706		1791
2911		1427		2791706		1791
2912		1427		2791706		1791
2913		1427		2791706		1791
2914		1427		2791706		1791
2915		1427		2791706		1791
2916		1427		2791706		1791
2917		1427		2791706		1791
2918		1427		2791706		1791
2919		1427		2791706		1791
2920		1427		2791706		1791
2921		1427		2791706		1791
2922		1427		2791706		1791
2923		1427		2791706		1791
2924		1427		2791706		1791
2925		1427		2791706		1791
2926		1427		2791706		1791
2927		1427		2791706		1791
2928		1427		2791706		1791
2929		1427		2791706		1791
2930		1427		2791706		1791
2931		1427		2791706		1791
2932		1427		2791706		1791
2933		1427		2791706		1791
2934		1427		2791706		1791
2935		1427		2791706		1791
2936		1427		2791706		1791
2937		1427		2791706		1791
2938		1427		2791706		1791
2939		1427		2791706		1791
2940		1427		2791706		1791
2941		1427		2791706		1791
2942		1427		2791706		1791
2943		1427		2791706		1791
2944		1427		2791706		1791
2945		1427		2791706		1791
2946		1427		2791706		1791
2947		1427		2791706		1791
2948		1427		2791706		1791
2949		1427		2791706		1791
2950		1427		2791706		1791
2951		1427		2791706		1791
2952		1427		2791706		1791
2953		1427		2791706		1791
2954		1427		2791706		1791
2955		1427		2791706		1791
2956		1427		2791706		1791
2957		1427		2791706		1791
2958		1427		2791706		1791
2959		1427		2791706		1791
2960		1427		2791706		1791
2961		1427		2791706		1791
2962		1427		2791706		1791
2963		1427		2791706		1791
2964		1427		2791706		1791
2965		1427		2791706		1791
2966		1427		2791706		1791
2967		1427		2791706		1791
2968		1427		2791706		1791
2969		1427		2791706		1791
2970		1427		2791706		1791
2971		1427		2791706		1791
2972		1427		2791706		1791
2973		1427		2791706		1791
2974		1427		2791706		1791
2975		1427		2791706		1791
2976		1427		2791706		1791
2977		1427		2791706		1791
2978		1427		2791706		1791
2979		1427		2791706		1791
2980		1427		2791706		1791
2981		1427		2791706		1791
2982		1427		2791706		1791
2983		1427		2791706		1791
2984		1427		2791706		1791
2985		1427		2791706		1791
2986		1427		2791706		1791
2987		1427		2791706		1791
2988		1427		2791706		1791
2989		1427		2791706		1791
2990		1427		2791706		1791
2991		1427		2791706		1791
2992		1427		2791706		1791
2993		1427		2791706		1791
2994		1427		2791706		1791
2995		1427		2791706		1791
2996		1427		2791706		1791
2997		1427		2791706		1791
2998		1427		2791706		1791
2999		1427		2791706		1791
