# Migration is number of nodes that have changed color.

Round		Edge-Cut		Swaps		Migrations		Skipped
0		2823		2287		1576
1		2158		4443		1683
2		2003		6553		1723
3		1915		8619		1748
4		1843		10643		1740
5		1794		12700		1746
6		1783		14736		1764
7		1754		16796		1785
8		1737		18850		1771
9		1716		20891		1758
10		1712		22910		1765
11		1699		24976		1778
12		1666		26980		1791
13		1661		29025		1793
14		1643		31077		1775
15		1631		33115		1760
16		1649		35139		1752
17		1642		37171		1768
18		1645		39174		1749
19		1636		41193		1770
20		1615		43192		1777
21		1619		45237		1783
22		1623		47240		1767
23		1628		49294		1762
24		1649		51340		1754
25		1649		53353		1764
26		1654		55368		1766
27		1637		57405		1779
28		1622		59402		1781
29		1634		61412		1777
30		1620		63412		1772
31		1602		65436		1772
32		1590		67472		1780
33		1585		69484		1781
34		1599		71492		1783
35		1610		73511		1778
36		1627		75542		1780
37		1612		77565		1786
38		1612		79603		1776
39		1603		81665		1770
40		1606		83680		1778
41		1605		85724		1758
42		1601		87759		1753
43		1600		89782		1756
44		1590		91812		1750
45		1588		93813		1758
46		1585		95814		1746
47		1581		97807		1761
48		1576		99844		1767
49		1585		101857		1762
50		1576		103891		1776
51		1588		105942		1770
52		1580		107937		1769
53		1584		109934		1765
54		1578		111937		1782
55		1588		113954		1765
56		1574		115976		1769
57		1572		117996		1773
58		1572		120017		1789
59		1590		122011		1777
60		1591		124046		1774
61		1572		126084		1768
62		1579		128101		1759
63		1567		130144		1770
64		1564		132154		1761
65		1561		134182		1767
66		1567		136198		1766
67		1572		138211		1749
68		1567		140225		1756
69		1570		142239		1765
70		1576		144253		1765
71		1572		146273		1765
72		1567		148281		1754
73		1575		150326		1754
74		1569		152342		1754
75		1566		154397		1780
76		1559		156428		1778
77		1561		158456		1777
78		1564		160504		1775
79		1568		162502		1775
80		1559		164523		1773
81		1555		166541		1784
82		1562		168558		1768
83		1563		170579		1754
84		1558		172608		1762
85		1561		174617		1771
86		1557		176633		1769
87		1558		178607		1759
88		1548		180604		1762
89		1550		182573		1778
90		1553		184584		1768
91		1553		186623		1787
92		1550		188646		1780
93		1549		190687		1777
94		1536		192701		1766
95		1532		194722		1761
96		1539		196722		1771
97		1547		198721		1761
98		1550		200758		1775
99		1557		202769		1771
100		1553		204779		1779
101		1552		206777		1775
102		1562		208776		1783
103		1554		210793		1784
104		1555		212817		1783
105		1552		214827		1773
106		1551		216844		1772
107		1550		218834		1781
108		1548		220858		1779
109		1549		222887		1772
110		1545		224917		1779
111		1548		226927		1779
112		1554		228945		1785
113		1555		230947		1779
114		1567		232981		1776
115		1562		235011		1773
116		1570		237012		1761
117		1568		239032		1761
118		1563		241061		1772
119		1564		243089		1771
120		1560		245107		1769
121		1549		247114		1774
122		1555		249116		1780
123		1553		251128		1775
124		1556		253149		1787
125		1552		255182		1779
126		1562		257218		1763
127		1558		259253		1769
128		1554		261284		1772
129		1552		263305		1780
130		1541		265306		1772
131		1542		267332		1777
132		1550		269321		1778
133		1555		271369		1773
134		1553		273351		1765
135		1547		275363		1762
136		1553		277364		1769
137		1541		279388		1769
138		1536		281404		1762
139		1533		283421		1766
140		1537		285444		1774
141		1548		287456		1786
142		1536		289447		1782
143		1533		291470		1780
144		1548		293484		1773
145		1547		295465		1779
146		1548		297450		1768
147		1545		299454		1769
148		1541		301447		1767
149		1544		303436		1771
150		1548		305428		1778
151		1543		307448		1775
152		1535		309469		1781
153		1536		311489		1777
154		1543		313494		1782
155		1550		315494		1789
156		1538		317525		1777
157		1553		319532		1777
158		1555		321543		1777
159		1550		323550		1784
160		1547		325599		1776
161		1550		327608		1769
162		1564		329609		1765
163		1557		331620		1759
164		1554		333622		1759
165		1549		335654		1765
166		1552		337664		1783
167		1547		339683		1783
168		1543		341716		1779
169		1548		343707		1760
170		1542		345721		1766
171		1541		347733		1770
172		1527		349777		1771
173		1520		351806		1763
174		1522		353820		1757
175		1529		355823		1764
176		1532		357830		1763
177		1531		359845		1773
178		1533		361872		1765
179		1532		363894		1764
180		1533		365906		1776
181		1532		367918		1785
182		1542		369908		1780
183		1544		371886		1795
184		1528		373888		1780
185		1536		375889		1779
186		1536		377888		1783
187		1526		379924		1778
188		1525		381981		1779
189		1525		383966		1779
190		1528		385954		1779
191		1530		387966		1779
192		1531		389987		1775
193		1533		392021		1778
194		1524		394019		1755
195		1523		396052		1760
196		1526		398074		1765
197		1524		400086		1770
198		1521		402079		1783
199		1518		404073		1775
200		1523		406075		1768
201		1533		408085		1765
202		1538		410114		1764
203		1538		412123		1765
204		1540		414128		1762
205		1537		416154		1773
206		1533		418156		1754
207		1531		420158		1754
208		1534		422157		1764
209		1540		424181		1770
210		1534		426181		1775
211		1542		428186		1775
212		1529		430196		1772
213		1532		432195		1769
214		1530		434215		1775
215		1530		436227		1773
216		1532		438231		1772
217		1529		440243		1767
218		1537		442254		1760
219		1535		444293		1764
220		1529		446286		1776
221		1528		448281		1764
222		1533		450259		1766
223		1532		452266		1764
224		1535		454255		1766
225		1527		456290		1766
226		1528		458310		1771
227		1521		460276		1762
228		1513		462266		1761
229		1512		464324		1778
230		1522		466322		1782
231		1517		468332		1779
232		1522		470337		1774
233		1518		472337		1779
234		1514		474341		1783
235		1519		476342		1776
236		1516		478322		1771
237		1508		480325		1782
238		1509		482369		1780
239		1506		484376		1779
240		1511		486401		1788
241		1516		488405		1785
242		1516		490452		1780
243		1515		492465		1780
244		1516		494466		1780
245		1519		496467		1776
246		1517		498473		1773
247		1520		500478		1773
248		1528		502486		1779
249		1522		504495		1770
250		1504		506514		1787
251		1498		508500		1782
252		1490		510509		1784
253		1486		512512		1784
254		1486		514459		1782
255		1483		516449		1784
256		1482		518435		1782
257		1479		520406		1781
258		1478		522405		1779
259		1476		524377		1777
260		1472		526366		1780
261		1469		528325		1774
262		1469		530298		1778
263		1468		532267		1778
264		1468		534267		1781
265		1468		536255		1780
266		1467		538185		1779
267		1468		540156		1782
268		1468		542117		1780
269		1466		544101		1780
270		1466		546080		1778
271		1468		548059		1778
272		1468		550026		1775
273		1467		552005		1773
274		1466		553999		1777
275		1465		555988		1777
276		1465		557941		1779
277		1465		559908		1777
278		1465		561858		1781
279		1465		563840		1778
280		1464		565814		1781
281		1464		567782		1783
282		1463		569737		1776
283		1463		571704		1775
284		1463		573697		1773
285		1462		575648		1775
286		1462		577605		1778
287		1462		579582		1774
288		1462		581559		1775
289		1462		583542		1777
290		1462		585516		1778
291		1462		587496		1778
292		1462		589457		1779
293		1462		591454		1776
294		1461		593409		1775
295		1461		595370		1774
296		1461		597309		1775
297		1461		599242		1773
298		1461		601229		1776
299		1461		603188		1776
300		1461		605172		1777
301		1460		607152		1782
302		1460		609145		1777
303		1460		611123		1778
304		1460		613134		1777
305		1460		615080		1778
306		1460		617054		1781
307		1460		619011		1778
308		1460		620973		1779
309		1460		622926		1779
310		1460		624893		1781
311		1460		626879		1781
312		1459		628835		1783
313		1459		630797		1780
314		1458		632752		1776
315		1458		634711		1774
316		1458		636663		1777
317		1457		638643		1777
318		1457		640592		1776
319		1457		642570		1777
320		1457		644567		1775
321		1457		646536		1775
322		1456		648480		1775
323		1456		650443		1774
324		1456		652378		1773
325		1456		654341		1774
326		1455		656358		1774
327		1455		658319		1776
328		1455		660330		1778
329		1455		662284		1778
330		1455		664287		1779
331		1455		666261		1778
332		1455		668206		1776
333		1455		670182		1779
334		1455		670182		1779
335		1455		670182		1779
336		1455		670182		1779
337		1454		670183		1780
338		1453		670184		1781
339		1453		670184		1781
340		1453		670184		1781
341		1453		670184		1781
342		1453		670184		1781
343		1453		670184		1781
344		1453		670184		1781
345		1453		670184		1781
346		1453		670184		1781
347		1453		670184		1781
348		1453		670184		1781
349		1453		670184		1781
350		1453		670184		1781
351		1453		670184		1781
352		1453		670184		1781
353		1453		670184		1781
354		1454		670185		1782
355		1454		670186		1780
356		1454		670186		1780
357		1453		670187		1779
358		1452		670188		1779
359		1452		670188		1779
360		1452		670188		1779
361		1452		670188		1779
362		1452		670188		1779
363		1452		670188		1779
364		1452		670188		1779
365		1451		670189		1778
366		1451		670189		1778
367		1451		670189		1778
368		1451		670189		1778
369		1451		670189		1778
370		1451		670189		1778
371		1451		670189		1778
372		1451		670189		1778
373		1451		670189		1778
374		1451		670189		1778
375		1451		670189		1778
376		1451		670189		1778
377		1451		670189		1778
378		1451		670189		1778
379		1451		670189		1778
380		1451		670189		1778
381		1451		670189		1778
382		1451		670189		1778
383		1451		670189		1778
384		1451		670189		1778
385		1451		670189		1778
386		1451		670189		1778
387		1451		670189		1778
388		1451		670189		1778
389		1451		670189		1778
390		1451		670189		1778
391		1451		670189		1778
392		1451		670189		1778
393		1451		670189		1778
394		1451		670189		1778
395		1451		670189		1778
396		1451		670189		1778
397		1451		670189		1778
398		1451		670189		1778
399		1451		670189		1778
400		1451		670189		1778
401		1451		670189		1778
402		1451		670189		1778
403		1451		670189		1778
404		1451		670189		1778
405		1451		670189		1778
406		1451		670189		1778
407		1451		670189		1778
408		1451		670189		1778
409		1451		670189		1778
410		1451		670189		1778
411		1451		670189		1778
412		1451		670189		1778
413		1451		670189		1778
414		1451		670189		1778
415		1451		670189		1778
416		1451		670189		1778
417		1451		670189		1778
418		1451		670189		1778
419		1451		670189		1778
420		1451		670189		1778
421		1451		670189		1778
422		1451		670189		1778
423		1451		670189		1778
424		1451		670189		1778
425		1451		670189		1778
426		1451		670189		1778
427		1451		670189		1778
428		1451		670189		1778
429		1451		670189		1778
430		1451		670189		1778
431		1451		670189		1778
432		1451		670189		1778
433		1451		670189		1778
434		1451		670189		1778
435		1451		670189		1778
436		1451		670189		1778
437		1451		670189		1778
438		1451		670189		1778
439		1451		670189		1778
440		1451		670189		1778
441		1451		670189		1778
442		1451		670189		1778
443		1450		670190		1780
444		1450		670190		1780
445		1450		670190		1780
446		1450		670190		1780
447		1450		670190		1780
448		1450		670190		1780
449		1450		670190		1780
450		1450		670190		1780
451		1450		670190		1780
452		1450		670190		1780
453		1450		670190		1780
454		1450		670190		1780
455		1450		670190		1780
456		1450		670190		1780
457		1450		670190		1780
458		1450		670190		1780
459		1450		670190		1780
460		1450		670190		1780
461		1450		670190		1780
462		1450		670190		1780
463		1450		670190		1780
464		1450		670190		1780
465		1450		670190		1780
466		1450		670190		1780
467		1450		670190		1780
468		1450		670190		1780
469		1450		670190		1780
470		1450		670190		1780
471		1450		670190		1780
472		1450		670190		1780
473		1450		670190		1780
474		1450		670190		1780
475		1450		670190		1780
476		1450		670190		1780
477		1450		670190		1780
478		1450		670190		1780
479		1450		670190		1780
480		1450		670190		1780
481		1450		670190		1780
482		1450		670190		1780
483		1450		670190		1780
484		1450		670190		1780
485		1450		670190		1780
486		1450		670190		1780
487		1450		670190		1780
488		1450		670190		1780
489		1450		670190		1780
490		1450		670190		1780
491		1450		670190		1780
492		1450		670190		1780
493		1450		670190		1780
494		1450		670190		1780
495		1450		670190		1780
496		1450		670190		1780
497		1450		670190		1780
498		1450		670190		1780
499		1450		670190		1780
500		1450		670190		1780
501		1450		670190		1780
502		1450		670190		1780
503		1450		670190		1780
504		1450		670190		1780
505		1450		670190		1780
506		1450		670190		1780
507		1450		670190		1780
508		1450		670190		1780
509		1450		670190		1780
510		1450		670190		1780
511		1450		670190		1780
512		1450		670190		1780
513		1450		670190		1780
514		1450		670190		1780
515		1450		670190		1780
516		1450		670190		1780
517		1450		670190		1780
518		1450		670190		1780
519		1450		670190		1780
520		1450		670190		1780
521		1450		670190		1780
522		1450		670190		1780
523		1450		670190		1780
524		1450		670190		1780
525		1450		670190		1780
526		1450		670190		1780
527		1450		670190		1780
528		1450		670190		1780
529		1450		670190		1780
530		1450		670190		1780
531		1450		670190		1780
532		1450		670190		1780
533		1450		670190		1780
534		1450		670190		1780
535		1450		670190		1780
536		1450		670190		1780
537		1450		670190		1780
538		1450		670190		1780
539		1450		670190		1780
540		1450		670190		1780
541		1450		670190		1780
542		1450		670190		1780
543		1450		670190		1780
544		1450		670190		1780
545		1450		670190		1780
546		1450		670190		1780
547		1450		670190		1780
548		1450		670190		1780
549		1450		670190		1780
550		1450		670190		1780
551		1450		670190		1780
552		1450		670190		1780
553		1450		670190		1780
554		1450		670190		1780
555		1450		670190		1780
556		1450		670190		1780
557		1450		670190		1780
558		1450		670190		1780
559		1450		670190		1780
560		1450		670190		1780
561		1450		670190		1780
562		1450		670190		1780
563		1450		670190		1780
564		1450		670190		1780
565		1450		670190		1780
566		1450		670190		1780
567		1450		670190		1780
568		1450		670190		1780
569		1450		670190		1780
570		1450		670190		1780
571		1450		670190		1780
572		1450		670190		1780
573		1450		670190		1780
574		1450		670190		1780
575		1450		670190		1780
576		1450		670190		1780
577		1450		670190		1780
578		1450		670190		1780
579		1450		670190		1780
580		1450		670190		1780
581		1450		670190		1780
582		1450		670190		1780
583		1450		670190		1780
584		1450		670190		1780
585		1450		670190		1780
586		1450		670190		1780
587		1450		670190		1780
588		1450		670190		1780
589		1450		670190		1780
590		1450		670190		1780
591		1450		670190		1780
592		1450		670190		1780
593		1450		670190		1780
594		1450		670190		1780
595		1450		670190		1780
596		1450		670190		1780
597		1450		670190		1780
598		1450		670190		1780
599		1450		670190		1780
600		1450		670190		1780
601		1450		670190		1780
602		1450		670190		1780
603		1450		670190		1780
604		1450		670190		1780
605		1450		670190		1780
606		1450		670190		1780
607		1450		670190		1780
608		1450		670190		1780
609		1450		670190		1780
610		1450		670190		1780
611		1450		670190		1780
612		1450		670190		1780
613		1450		670190		1780
614		1450		670190		1780
615		1450		670190		1780
616		1450		670190		1780
617		1450		670190		1780
618		1450		670190		1780
619		1450		670190		1780
620		1450		670190		1780
621		1450		670190		1780
622		1450		670190		1780
623		1450		670190		1780
624		1450		670190		1780
625		1450		670190		1780
626		1450		670190		1780
627		1450		670190		1780
628		1450		670190		1780
629		1450		670190		1780
630		1450		670190		1780
631		1450		670190		1780
632		1450		670190		1780
633		1450		670190		1780
634		1450		670190		1780
635		1450		670190		1780
636		1450		670190		1780
637		1450		670190		1780
638		1450		670190		1780
639		1450		670190		1780
640		1450		670190		1780
641		1450		670190		1780
642		1450		670190		1780
643		1450		670190		1780
644		1450		670190		1780
645		1450		670190		1780
646		1450		670190		1780
647		1450		670190		1780
648		1450		670190		1780
649		1450		670190		1780
650		1450		670190		1780
651		1450		670190		1780
652		1450		670190		1780
653		1450		670190		1780
654		1450		670190		1780
655		1450		670190		1780
656		1450		670190		1780
657		1450		670190		1780
658		1450		670190		1780
659		1450		670190		1780
660		1450		670190		1780
661		1450		670190		1780
662		1450		670190		1780
663		1450		670190		1780
664		1450		670190		1780
665		1450		670190		1780
666		1450		670190		1780
667		1450		670190		1780
668		1450		670190		1780
669		1450		670190		1780
670		1450		670190		1780
671		1450		670190		1780
672		1450		670190		1780
673		1450		670190		1780
674		1450		670190		1780
675		1450		670190		1780
676		1450		670190		1780
677		1450		670190		1780
678		1450		670190		1780
679		1450		670190		1780
680		1450		670190		1780
681		1450		670190		1780
682		1450		670190		1780
683		1450		670190		1780
684		1450		670190		1780
685		1450		670190		1780
686		1450		670190		1780
687		1450		670190		1780
688		1450		670190		1780
689		1450		670190		1780
690		1450		670190		1780
691		1450		670190		1780
692		1450		670190		1780
693		1450		670190		1780
694		1450		670190		1780
695		1450		670190		1780
696		1450		670190		1780
697		1450		670190		1780
698		1450		670190		1780
699		1450		670190		1780
700		1450		670190		1780
701		1450		670190		1780
702		1450		670190		1780
703		1450		670190		1780
704		1450		670190		1780
705		1450		670190		1780
706		1450		670190		1780
707		1450		670190		1780
708		1450		670190		1780
709		1450		670190		1780
710		1450		670190		1780
711		1450		670190		1780
712		1450		670190		1780
713		1450		670190		1780
714		1450		670190		1780
715		1450		670190		1780
716		1450		670190		1780
717		1450		670190		1780
718		1450		670190		1780
719		1450		670190		1780
720		1450		670190		1780
721		1450		670190		1780
722		1450		670190		1780
723		1450		670190		1780
724		1450		670190		1780
725		1450		670190		1780
726		1450		670190		1780
727		1450		670190		1780
728		1450		670190		1780
729		1450		670190		1780
730		1450		670190		1780
731		1450		670190		1780
732		1450		670190		1780
733		1450		670190		1780
734		1450		670190		1780
735		1450		670190		1780
736		1450		670190		1780
737		1450		670190		1780
738		1450		670190		1780
739		1450		670190		1780
740		1450		670190		1780
741		1450		670190		1780
742		1450		670190		1780
743		1450		670190		1780
744		1450		670190		1780
745		1450		670190		1780
746		1450		670190		1780
747		1450		670190		1780
748		1450		670190		1780
749		1450		670190		1780
750		1450		670190		1780
751		1450		670190		1780
752		1450		670190		1780
753		1450		670190		1780
754		1450		670190		1780
755		1450		670190		1780
756		1450		670190		1780
757		1450		670190		1780
758		1450		670190		1780
759		1450		670190		1780
760		1450		670190		1780
761		1450		670190		1780
762		1450		670190		1780
763		1450		670190		1780
764		1450		670190		1780
765		1450		670190		1780
766		1450		670190		1780
767		1450		670190		1780
768		1450		670190		1780
769		1450		670190		1780
770		1450		670190		1780
771		1450		670190		1780
772		1450		670190		1780
773		1450		670190		1780
774		1450		670190		1780
775		1450		670190		1780
776		1450		670190		1780
777		1450		670190		1780
778		1450		670190		1780
779		1450		670190		1780
780		1450		670190		1780
781		1450		670190		1780
782		1450		670190		1780
783		1450		670190		1780
784		1450		670190		1780
785		1450		670190		1780
786		1450		670190		1780
787		1450		670190		1780
788		1450		670190		1780
789		1450		670190		1780
790		1450		670190		1780
791		1450		670190		1780
792		1450		670190		1780
793		1450		670190		1780
794		1450		670190		1780
795		1450		670190		1780
796		1450		670190		1780
797		1450		670190		1780
798		1450		670190		1780
799		1450		670190		1780
800		1450		670190		1780
801		1450		670190		1780
802		1450		670190		1780
803		1450		670190		1780
804		1450		670190		1780
805		1450		670190		1780
806		1450		670190		1780
807		1450		670190		1780
808		1450		670190		1780
809		1450		670190		1780
810		1450		670190		1780
811		1450		670190		1780
812		1450		670190		1780
813		1450		670190		1780
814		1450		670190		1780
815		1450		670190		1780
816		1450		670190		1780
817		1450		670190		1780
818		1450		670190		1780
819		1450		670190		1780
820		1450		670190		1780
821		1450		670190		1780
822		1450		670190		1780
823		1450		670190		1780
824		1450		670190		1780
825		1450		670190		1780
826		1450		670190		1780
827		1450		670190		1780
828		1450		670190		1780
829		1450		670190		1780
830		1450		670190		1780
831		1450		670190		1780
832		1450		670190		1780
833		1450		670190		1780
834		1450		670190		1780
835		1450		670190		1780
836		1450		670190		1780
837		1450		670190		1780
838		1450		670190		1780
839		1450		670190		1780
840		1450		670190		1780
841		1450		670190		1780
842		1450		670190		1780
843		1450		670190		1780
844		1450		670190		1780
845		1450		670190		1780
846		1450		670190		1780
847		1450		670190		1780
848		1450		670190		1780
849		1450		670190		1780
850		1450		670190		1780
851		1450		670190		1780
852		1450		670190		1780
853		1450		670190		1780
854		1450		670190		1780
855		1450		670190		1780
856		1450		670190		1780
857		1450		670190		1780
858		1450		670190		1780
859		1450		670190		1780
860		1450		670190		1780
861		1450		670190		1780
862		1450		670190		1780
863		1450		670190		1780
864		1450		670190		1780
865		1450		670190		1780
866		1450		670190		1780
867		1450		670190		1780
868		1450		670190		1780
869		1450		670190		1780
870		1450		670190		1780
871		1450		670190		1780
872		1450		670190		1780
873		1450		670190		1780
874		1450		670190		1780
875		1450		670190		1780
876		1450		670190		1780
877		1450		670190		1780
878		1450		670190		1780
879		1450		670190		1780
880		1450		670190		1780
881		1450		670190		1780
882		1450		670190		1780
883		1450		670190		1780
884		1450		670190		1780
885		1450		670190		1780
886		1450		670190		1780
887		1450		670190		1780
888		1450		670190		1780
889		1450		670190		1780
890		1450		670190		1780
891		1450		670190		1780
892		1450		670190		1780
893		1450		670190		1780
894		1450		670190		1780
895		1450		670190		1780
896		1450		670190		1780
897		1450		670190		1780
898		1450		670190		1780
899		1450		670190		1780
900		1450		670190		1780
901		1450		670190		1780
902		1450		670190		1780
903		1450		670190		1780
904		1450		670190		1780
905		1450		670190		1780
906		1450		670190		1780
907		1450		670190		1780
908		1450		670190		1780
909		1450		670190		1780
910		1450		670190		1780
911		1450		670190		1780
912		1450		670190		1780
913		1450		670190		1780
914		1450		670190		1780
915		1450		670190		1780
916		1450		670190		1780
917		1450		670190		1780
918		1450		670190		1780
919		1450		670190		1780
920		1450		670190		1780
921		1450		670190		1780
922		1450		670190		1780
923		1450		670190		1780
924		1450		670190		1780
925		1450		670190		1780
926		1450		670190		1780
927		1450		670190		1780
928		1450		670190		1780
929		1450		670190		1780
930		1450		670190		1780
931		1450		670190		1780
932		1450		670190		1780
933		1450		670190		1780
934		1450		670190		1780
935		1450		670190		1780
936		1450		670190		1780
937		1450		670190		1780
938		1450		670190		1780
939		1450		670190		1780
940		1450		670190		1780
941		1450		670190		1780
942		1450		670190		1780
943		1450		670190		1780
944		1450		670190		1780
945		1450		670190		1780
946		1450		670190		1780
947		1450		670190		1780
948		1450		670190		1780
949		1450		670190		1780
950		1450		670190		1780
951		1450		670190		1780
952		1450		670190		1780
953		1450		670190		1780
954		1450		670190		1780
955		1450		670190		1780
956		1450		670190		1780
957		1450		670190		1780
958		1450		670190		1780
959		1450		670190		1780
960		1450		670190		1780
961		1450		670190		1780
962		1450		670190		1780
963		1450		670190		1780
964		1450		670190		1780
965		1450		670190		1780
966		1450		670190		1780
967		1450		670190		1780
968		1450		670190		1780
969		1450		670190		1780
970		1450		670190		1780
971		1450		670190		1780
972		1450		670190		1780
973		1450		670190		1780
974		1450		670190		1780
975		1450		670190		1780
976		1450		670190		1780
977		1450		670190		1780
978		1450		670190		1780
979		1450		670190		1780
980		1450		670190		1780
981		1450		670190		1780
982		1450		670190		1780
983		1450		670190		1780
984		1450		670190		1780
985		1450		670190		1780
986		1450		670190		1780
987		1450		670190		1780
988		1450		670190		1780
989		1450		670190		1780
990		1450		670190		1780
991		1450		670190		1780
992		1450		670190		1780
993		1450		670190		1780
994		1450		670190		1780
995		1450		670190		1780
996		1450		670190		1780
997		1450		670190		1780
998		1450		670190		1780
999		1450		670190		1780
